9711 7268
6797 6287
2 6520
88 4479
4 71
9680 2630
6 6773
7 6087
8 6137
9 5796
10 4861
5470 805
12 3832
2645 3030
14 4641
1966 4583
16 4027
763 1392
18 4648
19 295
20 5886
1440 6556
7128 4496
23 4619
7498 4633
25 3173
9166 460
27 5102
28 1696
29 5096
7801 5447
31 6516
32 1053
909 345
34 5345
269 5098
36 2971
37 6166
791 2536
39 3209
40 5912
6775 60
1602 342
43 2543
44 4822
907 19
46 6473
984 1285
6292 4962
49 4504
50 5212
6117 2047
7847 3252
5322 2237
54 3262
7292 3634
1403 5856
57 7157
58 3281
59 1019
3092 6694
61 3384
2350 5574
63 1375
4437 3818
65 5421
66 5236
7182 6073
68 6831
69 325
70 6773
8473 1055
72 4730
1894 1188
3982 1625
75 552
4853 318
6036 4469
78 5580
79 3234
6765 5092
855 5643
5537 5314
7310 1379
993 478
8270 3040
86 1635
87 1955
1477 4479
3753 3702
90 4855
6182 1228
2656 4361
809 3261
94 763
95 1753
4685 1692
7728 1503
98 930
99 5755
100 2947
7327 6784
102 3369
103 952
1995 5093
3856 5526
496 6579
107 4789
108 2415
109 6444
1872 6244
7186 5568
112 5435
113 6713
6315 3764
6875 4698
116 1736
117 3649
118 783
2229 4569
120 3
121 1874
1828 3260
8585 459
124 360
125 6060
1319 5876
8073 6397
128 424
1362 5475
4726 1527
9498 1117
5271 4947
9406 2681
2341 1346
5337 6081
136 2199
137 7206
1600 4163
139 769
140 6922
141 7059
328 150
4197 7248
144 5598
9489 3022
146 5584
2150 6405
148 4684
7935 3853
150 4458
151 4161
152 5668
153 2418
5213 4482
8581 1709
9630 4196
3181 6012
158 3863
9445 1715
160 1033
4816 7218
162 5495
163 2038
164 2772
165 675
1553 4879
9379 1745
532 6169
169 5797
170 6362
171 6132
172 1760
173 2856
174 3696
175 5277
176 3995
177 3093
178 5845
6380 1469
7376 7225
181 4721
182 7084
183 3948
184 4874
4203 1721
7552 1004
187 546
188 4028
3891 6643
190 4784
191 814
192 7105
193 1270
194 6955
4647 3654
4886 2345
197 7071
7948 5095
199 6719
200 4031
201 5540
202 5953
8220 3464
204 4172
6226 4456
206 3116
9056 6583
6923 187
209 3120
210 2082
756 3807
212 6820
3396 5152
214 1904
13 3030
5921 5866
217 2315
505 5122
219 5185
9349 6704
598 5733
222 434
223 3517
4811 6991
2768 6506
226 2267
9137 4498
228 3716
1506 5005
2669 1966
231 3480
232 6111
233 1798
234 1028
235 1742
236 1965
4724 57
238 6874
6961 2970
240 3849
631 6804
242 1223
243 3689
3744 1729
1497 1369
246 4153
3555 3008
8888 4901
249 1680
250 3204
8142 2958
8339 1075
253 5727
254 6274
255 6413
256 5498
257 3532
1283 3227
259 6794
260 1108
261 6826
262 4698
4436 990
264 7112
2918 5761
5211 5198
3975 3200
2750 3599
35 5098
270 7227
271 7056
272 1665
273 5015
8422 5771
2892 3603
8006 434
277 6471
7261 2926
279 1257
280 5744
281 3598
282 2276
789 3533
284 3912
1396 1007
286 976
287 5193
288 5531
5215 4806
290 5782
291 815
292 446
1047 6550
4284 4381
4503 3778
8170 7044
297 3593
3077 1405
299 5602
6668 2468
1764 1295
1712 3652
5534 3460
304 3900
305 1540
3808 883
307 4043
308 818
309 6290
310 526
311 3605
4730 2156
313 912
314 3459
2191 1034
316 4257
317 1702
2211 7146
5175 3154
8197 3393
321 6141
322 5379
5417 6351
324 2913
325 3763
492 3153
327 4703
142 150
4964 7135
2182 4103
2004 6883
2326 2696
2032 5148
3553 1632
8337 6246
5146 541
1556 1499
338 3039
1807 2833
340 1219
6113 4651
1627 2472
5350 2699
344 879
345 6059
346 4833
347 4875
348 5918
349 5197
1077 6291
351 1717
352 3851
353 4575
6508 4749
7530 6190
356 1273
357 352
8119 2536
5464 1683
360 98
5399 854
7058 7232
363 2936
364 6707
365 6403
366 4823
3733 2725
368 6393
369 6763
370 1396
371 7230
372 4306
373 5221
374 1131
2996 5129
376 2568
377 5481
378 4042
379 2816
380 2136
5444 6464
5272 1926
383 4767
1443 4796
1483 3885
9487 6496
387 1033
388 4044
6366 1528
8618 4441
4935 2339
3016 4888
5349 3055
833 4695
395 4128
396 2055
397 519
8038 1666
399 5303
400 655
401 2956
402 6833
403 380
404 428
9028 154
406 2393
1621 5687
9699 3442
7368 7152
410 7038
411 3770
5352 1457
413 2774
414 1128
9386 2945
5059 3814
417 5895
418 4281
419 5294
5810 4922
5000 4149
6998 1834
2379 4563
424 1572
4945 3212
426 3700
5740 2808
1238 6419
1613 2887
430 2062
723 7105
432 6217
3261 3986
434 844
5999 1604
436 178
437 1871
7902 1225
439 488
4881 1343
8588 537
442 2535
443 2885
444 5626
445 6189
446 4920
447 405
448 834
1928 3234
450 1522
451 6584
6185 2675
453 3951
454 4848
455 7243
456 2043
457 1712
1647 4980
8056 2610
460 3927
461 6410
462 101
463 399
7209 1858
465 370
3138 6960
467 2573
468 6631
469 4376
5917 229
471 2359
9523 1596
6631 6755
474 1935
475 6424
476 1807
477 5290
478 3768
3741 5759
5166 5425
8833 1144
9241 173
2916 2437
484 3356
762 3510
486 145
487 2549
3949 5930
489 266
8265 3769
3702 2901
326 3153
5885 1323
494 2511
5250 696
2977 6579
7389 4216
1535 1915
499 6396
1128 6318
501 2867
502 6723
503 4060
5138 6379
4639 5122
506 2393
507 3957
508 321
509 2684
4937 1030
511 2730
512 6634
1965 3980
514 1744
8906 2765
516 4104
3265 729
4283 6334
2929 4481
520 1850
3935 1365
522 6990
523 7075
5002 4012
6249 1929
526 539
2849 2042
528 4231
3603 3419
7681 2811
531 5001
168 6169
533 610
534 4670
5888 6418
3204 889
537 2726
538 3002
539 3011
540 6578
541 6357
542 3343
543 3354
544 6782
1457 7217
546 1848
3992 1922
548 6105
549 6889
550 3535
2854 6123
7523 2814
553 3824
8626 5909
555 1046
556 2558
7299 94
558 2446
4519 3793
9075 354
561 6543
562 3910
613 5659
564 2988
565 1612
566 5580
701 7150
1801 6128
9157 2502
570 4922
8067 4685
6517 6325
573 6055
7331 2294
8520 878
576 6817
9606 7203
578 5759
4112 939
4315 4469
7017 4742
1517 7222
583 1273
584 5414
1983 6910
3225 3496
587 7178
588 2090
4117 1861
3339 6322
591 339
1372 2592
6092 3926
5291 4067
5197 3562
8715 2522
1502 6225
7854 5733
599 2092
600 243
601 5963
3815 810
2046 6076
2567 464
605 2688
606 224
607 2232
608 5924
609 1847
610 114
611 1381
612 1456
6296 5659
3672 4680
615 919
616 6775
679 1291
618 6857
619 3995
6306 4636
3577 4849
622 5804
623 705
624 1521
625 3016
626 1990
627 2812
5289 3775
6682 6475
630 4608
241 6804
632 7028
633 1899
8443 3719
635 5887
636 1825
4627 4443
638 1565
639 2096
640 3278
641 3180
5603 2467
643 2954
2442 3156
9180 6957
646 7034
647 1472
648 4503
7260 6092
8712 2411
4454 502
652 6203
653 705
6291 880
655 611
656 4089
2035 6388
658 2506
3812 6133
660 700
7900 3770
662 6097
2686 5570
5687 2309
665 5475
666 6707
4192 6971
6335 3409
669 5995
670 5891
671 2480
672 6815
673 4379
8760 1369
675 6232
9367 908
677 1281
4093 3811
3141 1291
1226 2576
5561 4325
1689 3733
3045 1312
6075 3422
685 3128
2665 5524
687 5870
3736 5073
2985 11
690 1934
691 7116
3919 4862
693 6338
694 501
560 354
696 3883
697 5597
698 1652
8048 211
3974 50
567 7150
702 4141
703 5036
704 1749
705 6299
706 2008
707 1376
708 7066
709 6468
4417 7167
711 2055
7585 6911
6453 4457
714 1967
8471 3268
716 504
717 3510
4169 6892
719 6968
720 5113
6572 4994
4748 4325
431 7105
724 104
6718 5816
726 6870
727 852
728 3311
729 1323
3226 4762
731 1967
732 3225
5818 6979
734 4125
5025 38
6581 1396
737 3161
738 236
4448 6327
740 3973
741 7177
382 1926
6562 4270
4549 7209
745 3673
8686 5090
8009 2777
7288 5537
749 7251
750 2310
7338 4416
386 6496
753 1520
754 4080
755 2088
211 3807
757 4957
758 2252
759 3301
6590 2016
8053 3791
485 3510
6852 1392
764 88
765 2136
7775 3928
767 3115
768 5494
769 1535
770 2543
6711 6268
772 6153
773 6715
774 1399
5331 5535
776 3588
777 2369
778 5216
779 7056
780 4993
3319 2962
4440 1805
783 1107
5828 4004
2551 1780
786 392
787 2613
788 1701
283 3533
2626 4925
3007 2536
792 4187
793 5628
5755 4405
795 4351
796 288
797 6429
798 6068
799 951
800 524
801 673
802 1464
803 4562
804 4323
805 5052
806 6941
807 4107
6396 5916
93 3261
810 3910
4085 5511
4795 1964
813 4494
814 3994
5046 6248
816 954
817 103
818 4690
6204 4800
9141 5759
2525 3951
7779 45
823 5549
824 4457
825 1951
826 2604
5583 3540
676 908
829 291
830 4085
3282 4662
832 2944
394 4695
834 3087
8039 1638
8191 3937
837 3107
838 2181
839 5691
840 1900
841 1538
6888 1177
843 6856
844 2086
845 5875
918 2121
847 4916
848 5287
849 4255
8408 3014
851 6629
852 260
853 7158
5794 177
81 5643
856 816
857 2638
858 3961
859 5960
860 4459
861 7112
862 5163
863 2490
864 3523
865 6777
2570 6642
6118 54
3923 7188
3133 3371
870 1406
871 6768
872 3278
6685 3838
5011 2273
3565 7061
6597 2623
877 4801
878 2627
1346 2489
880 1228
881 4977
6100 6119
7757 2015
7352 3246
885 1070
886 587
887 4423
888 5179
1956 6818
890 7205
1782 3183
2589 6105
8210 6336
894 6662
4989 4770
4350 5445
897 597
898 4168
1211 3330
900 3501
901 1013
902 2959
903 5734
904 5642
905 6995
906 4451
45 19
2954 35
33 345
910 6155
911 1149
912 1094
913 6238
914 263
915 7183
9101 6844
5653 2792
8991 2121
919 4510
3349 3071
8870 1339
1425 5917
8937 5067
924 937
2814 5765
926 4380
927 4320
9334 3422
4390 557
930 5199
931 5672
2835 1650
933 5300
6753 5995
935 1425
4130 3520
3208 3612
5837 4046
8438 6740
940 6591
5454 1786
942 5812
6399 3185
1723 6356
945 5083
946 1671
947 5717
7312 1393
3150 2965
9518 3205
6604 2820
952 1869
953 6222
954 6289
6570 4448
956 940
957 3386
2847 4625
959 2518
960 7078
5799 4966
962 5318
963 2989
6142 796
965 4648
966 2236
967 3250
4306 6761
4119 6777
970 5615
971 5937
1979 3574
973 2730
7123 2729
9354 218
976 2520
977 1929
389 1528
979 6363
980 2014
981 3880
3819 4905
6912 3931
6697 1285
4291 978
986 5107
987 5442
5026 2239
8378 882
2124 7025
8804 2390
992 4867
84 478
994 3525
6086 5666
5641 2450
2541 956
998 1628
5737 598
1000 3715
1001 3692
7204 2281
2484 4601
1004 1408
1005 3046
6537 886
1007 5476
1008 4584
5060 2550
1010 6085
1011 632
1012 6562
1013 1515
1014 7075
9120 1517
1016 3827
1017 600
2485 3059
1019 3017
4595 4480
581 4742
1022 6523
1023 7060
1024 6144
1025 4675
1026 5790
1657 1934
1028 1903
1029 6553
5708 6242
1031 6653
1032 1774
1033 5888
1034 5572
1035 4547
1036 2683
9405 4778
5099 2873
4836 1548
1040 829
1041 532
1042 197
1043 594
1044 2171
1045 3160
1046 4393
293 6550
1233 3752
1434 6487
1050 7031
1109 6676
1052 7180
1053 1210
1054 668
7831 3352
1056 211
1057 763
9297 3158
9526 283
9257 1908
3960 1272
1062 7202
1063 5033
1064 5571
6868 5730
1066 3504
8323 4082
1068 556
1069 5407
2559 4567
1071 3450
8579 640
1073 1999
1074 1310
1075 4295
1076 4373
350 6291
1078 1740
1120 3614
1080 333
1081 3639
7131 2273
1699 2032
1084 4439
1704 3489
1086 233
1087 7134
5231 6053
1089 214
1090 2788
4097 6577
1092 2534
1093 4503
1094 5822
1095 2189
1096 5373
1097 48
7706 6684
1099 1156
1100 3211
1101 1906
8931 686
1103 716
8755 3225
1105 5708
5265 4319
1891 1226
1108 4528
4912 6676
1110 3415
1111 5973
3477 26
1113 291
1114 2541
1115 1694
1116 5128
1117 2521
2038 377
1119 1673
1079 3614
3678 5437
7235 4132
9533 4692
1124 2331
1125 881
3454 601
1127 4798
500 6318
1129 2093
1130 5620
5858 3127
1132 2167
1133 7000
497 4216
1135 7069
1136 3101
5587 4286
1825 4917
1139 269
1140 4242
1141 6190
4547 713
1143 41
1144 6781
3706 4355
1146 4723
1147 6342
6674 4011
6324 1034
1150 888
1151 5202
1152 3505
2338 449
1154 6517
1155 5733
1156 1514
1157 3445
1158 2177
1159 6110
1160 7010
2716 1766
1162 267
5387 2968
1164 1614
6749 2142
1166 1441
7230 3355
1168 6271
1169 3456
990 7025
1171 6375
4636 2084
1173 1769
7244 5795
9408 6209
1176 1680
1177 1336
7417 1060
8253 3395
2935 421
7189 2163
1182 7223
3315 1290
6311 5761
1185 1382
1186 652
1187 1896
1188 411
1189 5268
1190 1584
7196 7156
4221 3462
6365 2219
1194 4425
3434 4041
7934 1986
5497 400
1198 6770
1199 6300
1568 6014
1201 3047
1202 3776
4258 7201
3731 757
8232 5051
1206 5054
7199 5680
1208 3949
7741 6104
1210 492
899 3330
5488 2407
4427 6553
1214 4412
1215 4100
1216 275
1217 206
1218 7012
1219 1830
1220 6215
1221 4970
7956 3809
1223 1865
1224 3180
1225 7112
4502 2576
8551 1573
1228 2583
3899 6786
3436 6574
1893 4981
6318 4062
1048 3752
2101 1660
1235 4326
2408 2652
2618 1862
7630 6419
1239 3999
5677 4027
1241 4573
5844 5245
1243 5754
1244 319
1245 4217
1246 1572
1247 2046
3027 2484
1249 7040
1250 2475
8854 2616
6003 3139
1253 2361
1254 6647
5479 7128
1256 7219
1257 394
975 218
8246 3005
5377 2955
8272 485
1262 5133
1263 3223
1264 5720
1265 5429
1266 5046
301 1295
1268 6463
1269 4948
1270 3801
1271 4049
276 434
1273 3313
8401 6219
1661 1126
1276 2757
1277 6222
1278 5134
1279 2051
1280 7156
1281 5459
3102 4
258 3227
4766 4837
2564 3077
3402 5235
7970 2967
1841 585
1289 774
1290 4748
1291 2605
5524 1172
1293 7234
2961 4193
7906 1648
111 5568
6456 6345
4782 373
1299 3180
5851 6949
97 1503
1302 1569
1303 4349
1304 5935
1305 2110
1306 2686
1307 642
1308 2927
1309 1647
1397 595
4413 7152
1312 6799
1313 2501
1314 5068
2373 7249
6558 5147
1322 404
1318 3738
126 5876
1320 2447
1321 4050
1317 404
1323 3999
1324 2799
1325 5983
1326 3303
1327 4236
2588 5569
593 3926
1349 413
1331 6749
1332 4954
1333 950
1334 180
1335 1150
6054 357
7181 381
1338 2859
5565 3992
1340 1462
6725 3666
2848 4926
8437 6038
1344 1157
1345 3416
879 2489
8525 4900
1348 1734
1330 413
6030 5610
3485 1704
1352 1192
1353 3723
1354 2572
2405 2433
2837 4930
8553 481
1472 1706
8151 6146
1360 1065
3997 1401
129 5475
1363 6763
4290 1884
7727 5106
1366 4343
1367 5022
1368 3184
2843 6173
1370 2868
1371 4496
2662 2592
1373 677
9225 1216
2683 3943
7908 5047
5268 2053
1378 3734
8534 6116
7602 2716
1381 1756
1382 7055
1383 5420
1384 4273
1385 3681
1386 4216
1387 6514
1388 3773
3516 4791
1390 1045
1391 2200
1392 2734
2036 5846
1394 4555
1395 3431
285 1007
2536 595
2086 355
6653 2594
1400 1979
1401 6899
5954 69
56 5856
1404 3485
1405 4419
9088 1721
9068 2990
2558 3924
1409 6816
1410 479
1411 4139
1492 6773
1413 7228
1414 5421
1415 6928
1416 6176
3431 6921
8093 4545
7363 476
3274 2023
1421 30
1422 2344
5868 6480
6832 6254
7531 5917
1426 5048
5876 5817
1428 2408
3190 7007
6301 4600
1431 5054
5491 6849
1433 3290
1049 6487
1435 1287
9008 6512
3832 1660
1438 3235
1861 7004
21 6556
4694 3037
2596 4649
384 4796
1444 4302
7487 742
1446 2188
7984 1097
1448 2256
1449 4900
1450 3124
2940 1802
5334 728
5767 4597
1454 3781
2660 6867
1456 4087
545 7217
1458 4868
1459 1557
1460 2071
1461 3141
1462 2632
1463 843
3693 372
1465 6233
6774 4741
9058 7086
4541 2547
1469 3899
1470 248
1471 1124
1358 1706
1473 1825
1474 6443
8461 4144
1476 4076
3 4479
3497 2109
1479 1554
1480 47
1481 2072
6327 546
385 3885
1484 3475
1485 6069
1486 1743
1487 3526
5162 1396
4634 4653
1490 5357
1491 2570
1412 6773
1493 4773
1494 3455
8978 5321
8298 4434
245 1369
8799 6459
8658 4526
1500 736
1501 1956
597 6225
5307 1777
6755 615
1505 163
229 5005
1507 4200
1508 5209
9563 913
1510 876
1511 3257
1512 5236
4171 857
1514 5427
9012 3901
1516 3072
7968 7222
1518 3160
1519 1006
4247 1419
1521 6017
5984 3531
5702 4390
1524 6761
1525 3242
3549 3041
1527 793
8921 5196
1529 5657
1530 1234
1531 3849
9192 3389
6271 133
1534 3344
498 1915
8616 4063
4971 3492
3954 3231
3203 635
744 7209
1541 2379
480 5425
1543 539
2289 5890
1545 5453
7313 6036
1547 7119
5575 2332
1549 59
4032 5076
5217 1646
1552 1151
166 4879
1554 7236
1555 4000
337 1499
4889 2153
1558 868
1559 417
7780 3366
1561 6476
1562 5534
4585 5227
1564 6192
4464 7041
1770 7252
1567 6465
1200 6014
8615 1634
1560 3366
1571 5150
1572 2207
1573 2553
1574 5780
1575 4258
361 854
1577 5120
1578 5858
1579 2980
8599 7055
1581 5486
5266 3956
8358 904
1584 2885
1585 1803
958 4625
1587 6655
6498 548
1589 1090
1590 5979
1389 4791
1592 3213
1593 5739
4232 2807
1595 4543
1596 267
1597 3664
1598 470
2581 2559
138 4163
1601 1736
42 342
7220 6648
1604 1275
2266 5330
6661 2664
1607 7126
1608 452
1609 1255
3422 858
1611 5284
1612 855
2277 2887
1614 2685
1615 7010
1616 2574
2573 694
936 3520
1619 2844
1620 4322
407 5687
1622 1139
1204 757
4847 6518
1625 4768
2016 6268
342 2472
1628 6900
1629 597
1630 3527
8927 3321
4383 4532
334 1632
1634 1093
3035 754
1636 1781
3903 3012
1638 5589
1639 1669
1640 6814
1641 4763
9286 5514
1643 2928
1006 886
3294 1146
2689 3467
9034 4980
1648 1354
2968 480
1650 2171
1651 4273
1652 3558
2744 5218
1654 6091
1655 3036
1656 1038
1027 1934
3900 7095
6166 3029
7710 850
1275 1126
1662 2546
1663 5011
2606 3530
1665 5441
1666 3973
1667 1371
1668 406
7056 3790
2071 877
6124 1123
1672 3929
1673 6614
1674 2038
1675 3620
6903 6096
1677 1415
1678 2687
9700 3599
1680 2232
4513 6054
1682 1306
1683 3083
7942 3102
1685 5424
2511 1429
1687 2824
1688 4783
5816 3733
4023 6468
9683 2763
1692 5426
1693 1428
2284 6438
6547 2156
1696 2181
1697 1247
4456 7230
1083 2032
1700 6450
4665 4263
3206 3888
1703 841
1085 3489
4424 5546
1706 1702
1707 7123
1708 2441
1709 6812
1710 3815
4905 4983
302 3652
4980 6805
1714 4228
1715 5231
3615 2691
1717 2456
1718 324
4812 4611
1720 808
1900 992
7783 5285
4859 6356
1724 457
1725 610
5962 6745
1727 1242
7467 5908
1729 1537
6766 1311
1731 4864
1732 1890
1733 6963
8689 4178
7546 6673
7939 7264
9256 1298
1738 6306
1739 5837
5398 1335
3096 4245
4167 2541
1743 5622
1744 5961
2924 2903
1746 3866
1747 2348
1748 5450
1749 1868
1750 1866
5027 6756
1752 3127
1753 2218
1754 340
1755 1521
1756 3259
8911 1984
1758 5719
7215 3008
9435 5887
1838 3512
8767 2048
1763 2326
1267 1295
2287 5477
5580 7162
1767 4882
5255 369
7392 4989
1566 7252
2579 1416
1772 311
9277 2838
1774 5038
7985 7143
1776 4260
1777 6097
5069 760
1779 7028
1780 1480
1781 5834
891 3183
1783 6533
1784 3791
1785 4490
1786 2811
1787 3121
1498 6459
8963 5596
1790 6821
1791 2132
1792 4449
3924 6727
1794 6850
1795 5727
7103 5365
9485 2715
1798 2423
1799 2778
6276 5527
568 6128
1802 3352
3097 3079
7472 3887
3122 1166
1806 824
339 2833
2274 4819
1809 4679
4380 3657
1811 4275
9593 3547
6643 4622
1814 4521
1815 7074
1816 4675
1817 5226
1818 6590
1819 2168
1820 3921
1821 2919
1822 1917
9145 6224
1824 5822
1138 4917
1826 16
1827 4913
2770 3260
1829 4761
1830 820
2693 1681
7999 1643
2893 3599
1834 4706
1835 4276
1836 555
5647 1338
7544 3512
1839 1864
7626 283
3863 585
7133 3496
1843 2958
1844 6800
1845 196
8088 3165
1847 5550
1848 1486
1849 1189
1850 4114
5362 3345
1852 916
1853 5341
1854 789
1855 6753
1856 1739
3707 3142
1858 2444
1859 5315
8940 6875
1439 7004
1862 6845
1863 2583
1864 2782
1865 4851
1866 4838
1867 3622
3892 6391
4761 221
1870 236
1871 3447
110 6244
4504 4544
1874 2490
1875 5411
1876 6066
1877 7094
1878 2275
6727 7192
1880 2160
9261 1440
7633 1355
1883 3419
1884 2426
1885 5766
1886 1643
1887 5889
1888 4244
1889 4312
3178 3041
1107 1226
1892 3525
1231 4981
73 1188
1895 4694
1896 1485
1897 862
1898 6198
1899 2884
1721 992
1901 1863
8578 5466
4110 5655
1904 6384
1905 7109
1906 1644
1907 743
7539 1885
2333 6157
3540 3501
1911 6213
7388 5590
8502 6745
1914 3500
1915 1848
1916 3273
1917 6534
9409 4645
3061 3721
1920 1017
1921 7124
1922 4029
1923 3551
1924 5219
1925 5970
2082 4538
7566 3344
449 3234
1929 5161
3918 1541
9640 6187
1932 463
3811 5353
1934 3611
3972 6193
9337 2289
9147 5676
1938 4793
7375 4376
2919 7018
2149 5710
1942 3079
1943 6434
6620 49
1945 257
4021 1209
1947 1938
9260 4833
1949 4366
1950 5555
1951 1366
1952 4744
1953 4786
1954 2484
1955 5447
4983 6818
4635 3877
5091 4729
8985 4743
1960 5060
1961 4744
2276 606
4105 35
1964 6021
513 3980
3247 4583
1967 3835
1968 5096
1969 2492
1970 3137
2145 322
2125 3279
3010 7177
1974 650
1975 888
1976 1974
1977 5635
1978 2804
8462 3574
1980 155
1981 5000
6211 1434
585 6910
9346 4760
1985 6329
1986 1176
2765 6630
4919 4313
6577 5440
2970 4724
1991 7244
3779 6549
3382 1964
1994 2974
104 5093
1996 3560
1997 2880
3444 663
7350 29
7964 3053
938 4046
2002 2769
2003 1142
331 6883
2005 681
230 1966
2007 2391
2008 3274
2009 5775
3260 1024
8069 1143
2012 2017
2013 2248
2014 6576
2015 2948
1626 6268
2423 3952
2018 1824
2019 2708
4960 3237
2021 4271
2022 5829
2023 1829
4163 6605
2025 56
2275 317
784 4004
2521 553
8575 3564
2030 6503
2031 1589
333 5148
5096 2059
5373 5925
657 6388
7003 5846
2037 982
1118 377
2039 5868
2040 6290
846 2121
2042 3346
6791 3645
2044 2233
2045 5894
603 6076
2047 2559
8612 4108
2049 7054
2050 297
2051 1162
4412 6459
2053 4726
8505 3048
2055 2630
9447 4751
2057 2178
2058 30
6847 4667
2060 7238
8052 61
2062 2054
205 4456
2064 6748
2065 2979
2066 4483
2067 5791
4471 5718
2069 4615
5085 2385
2271 877
4749 2579
3683 2313
4681 3101
2075 3467
2076 3768
1882 1355
2078 5294
2079 4273
2080 6610
8299 401
1926 4538
6618 4249
2084 3267
3359 7100
1398 355
2087 6580
2088 1696
2089 259
2090 458
8796 5843
2092 3324
2093 5618
2094 4574
2095 4958
8058 6639
2097 3882
2098 3187
2099 5493
2100 3027
1234 1660
2102 3891
2103 144
7409 573
2105 5844
6098 2280
2107 5169
2108 995
2109 300
2110 5924
2111 3133
6974 1259
2134 3714
2114 164
2115 3910
2116 148
2117 2156
2118 5369
2119 430
2120 5866
6911 3455
2122 6373
5841 5362
1170 7025
1972 3279
2126 934
9429 1397
3301 6830
3410 560
2146 6052
4713 4527
2132 4873
4111 4628
4043 3714
7723 5310
9037 830
2137 4921
5637 5801
9078 4625
2140 6385
2141 767
2142 2544
7358 1762
2144 5307
1971 322
2130 6052
2147 5989
2148 6813
1941 5710
147 6405
2151 6568
2152 6256
2153 4194
2154 6002
2155 902
2867 7151
8340 6956
2158 3846
7044 3091
8312 255
2161 6619
2162 756
4345 268
2164 4689
6789 3472
9237 2337
9188 2099
2168 1793
5763 1846
2170 1024
2171 4075
2172 1605
2173 2148
8277 6746
2175 4920
2176 3087
2177 3361
2178 2251
2179 4543
8614 6554
2181 1808
6221 4103
2183 2115
2856 302
6188 2871
2186 6311
6169 4064
8704 4436
6880 6836
9323 244
1149 1034
2192 6375
2193 4769
2194 5325
5088 2953
2196 5562
2197 5292
2198 7189
2199 3736
9270 175
8025 1938
2202 4275
2203 2420
2204 1144
2205 3303
2206 6421
2207 3908
2208 758
2209 5312
2210 247
4349 7146
812 1964
2213 1704
2214 3860
6344 5043
2216 637
2217 187
2218 2831
8837 4926
2220 1978
2221 4154
2222 3606
2223 577
2224 5507
2225 5825
2226 5955
999 598
2228 1072
119 4569
2230 6159
6882 387
2232 6538
2233 1321
2234 7207
2235 366
2236 3629
2237 6028
6387 1039
2244 2325
2240 2406
6678 3435
5902 6289
2243 2251
2239 2325
2245 1578
5358 278
4206 3861
2248 6337
2249 4935
2250 6503
2251 2598
4067 479
2253 3959
2254 3649
6053 3526
2256 477
2257 4666
2258 1315
2259 4602
2260 2920
8970 6901
2262 5277
2263 6993
3574 5263
9704 1910
1605 5330
6744 1111
7719 6882
2269 1759
2270 772
5233 877
2272 5517
2273 5349
1808 4819
2026 317
3803 606
429 2887
2278 5696
2883 6025
2280 210
2281 6216
2282 4896
2283 6787
1694 6438
2285 463
2286 6063
1765 5477
2288 5410
1544 5890
2290 4972
3635 1279
2292 2954
2293 6377
2294 4297
2295 1551
4406 1515
8711 4005
2298 3149
2299 2049
8648 7146
6658 5034
9603 3061
2303 7202
7869 6608
2305 4973
8825 2579
2307 3960
2308 6280
8823 1379
2310 6118
2311 1212
2312 6835
2313 6237
7899 3519
3717 2498
2316 4519
2317 1281
2318 1078
2319 3431
2320 2208
8609 4468
306 883
2323 2810
2324 38
7130 4560
332 2696
4185 5772
2328 4010
3235 5956
2330 1550
2361 6890
6647 2996
8762 6157
2334 309
2335 630
2336 7215
2337 2612
1153 449
2339 4721
2340 5514
134 1346
2342 6730
7825 1582
2344 960
7027 412
8382 6863
2347 2243
2348 5618
8076 5877
62 5574
2351 6294
5949 1667
2353 6398
6501 6007
2355 4515
5683 7240
2357 676
6390 997
2972 121
2360 2246
2331 6890
5906 306
7028 7181
3448 6460
2365 1252
2366 2569
2367 1993
6871 3625
2369 2726
2370 6579
5120 2376
4379 7018
1315 7249
7305 3978
2375 5814
6892 2277
2377 2109
4601 5633
2757 4563
2380 4634
2381 4801
3205 3044
2383 3953
6006 498
2859 465
2386 731
2387 2004
2388 1112
2389 1769
9194 6376
2391 960
2392 3798
7354 3357
2394 5684
2395 2700
2396 5787
3299 6072
2398 623
2399 842
2400 3490
3597 5788
2402 2382
2403 6490
6020 1342
1355 2433
2406 892
5106 6980
8072 2652
4347 3350
5285 907
3732 2884
2412 4037
2413 4009
6037 1786
2415 4100
3650 2263
2417 3324
2418 3535
2419 6065
244 1729
5529 1708
2422 598
2017 3952
2424 668
3654 7123
6328 6986
4037 2533
2428 6969
2429 1678
8231 5845
2431 1119
2432 1270
2433 6528
6253 441
4553 1498
9499 700
2437 4414
2438 4973
2439 7096
2440 4471
8442 2305
644 3156
2443 6175
6025 5396
7777 3103
8710 2254
7398 544
2448 5110
7098 7104
6691 1987
2451 2273
8486 1750
2453 5787
2454 918
2455 6077
2456 2401
5933 4858
6865 3882
2459 2062
9562 2351
2461 6083
6199 812
1989 5440
2464 5140
2465 2200
8410 3028
2467 3643
8242 3696
2469 1700
2470 715
6650 3891
2472 6853
2473 2417
2474 6939
2475 440
2476 4050
2477 6729
2478 1997
6144 4711
2480 1768
8944 1097
2482 5006
2426 6986
7481 4601
7888 3059
2486 2969
1 6287
2488 3258
2489 109
2490 2864
2255 3526
2492 2534
2503 6284
2494 4024
2495 3316
2496 4806
2497 6495
2498 2834
5363 7100
2500 1614
4947 1101
2502 365
2493 6284
2504 6114
9511 6315
2506 951
5503 4359
2508 3726
1376 5047
2510 5338
1686 1429
5051 622
8087 6132
2514 4388
2515 1806
2516 4377
2517 6197
2830 647
2519 2741
2520 4895
2028 553
2522 484
2523 651
2524 852
821 3951
2526 2684
2527 3869
2528 5286
2529 5387
2530 5700
2531 672
3476 2491
3165 5117
6578 3967
2535 4786
1310 595
2537 5284
2538 120
2808 540
2540 6274
997 956
2542 2473
4381 6753
5815 1761
2545 3207
6730 4116
3134 5683
4660 5566
2549 5587
8819 1774
7677 1780
2552 3168
594 4067
4617 4825
7282 5505
3755 2754
3844 3034
1408 3924
5397 4567
8947 5270
2561 3135
748 5537
2070 2385
7564 3077
2763 3904
3183 1113
604 464
2568 1051
7714 1939
866 6642
3271 4782
2572 3719
1617 694
2574 4338
6178 5256
2576 550
2577 4174
425 3212
1771 1416
2580 6637
8071 2559
4907 1799
2583 6969
2584 85
7211 6326
2586 6547
2587 822
1328 5569
892 6105
2590 1455
2591 6103
7586 3879
6848 4371
2594 6164
2595 2225
1442 4649
5769 2874
8749 2139
6048 2776
2600 5425
2601 718
2602 6310
2603 4382
2604 244
2628 6848
1664 3530
2607 279
2608 1893
2609 2226
2610 5719
2611 2325
2612 5087
2613 7103
2614 4951
2615 4785
4548 6430
2617 3950
1237 1862
2619 6798
2620 5884
2621 2065
1196 1986
9311 3509
7639 5726
2625 4698
4173 4925
2627 6972
2605 6848
7991 6238
8914 2667
8886 2940
2632 6007
2633 1178
2634 382
2635 4610
4384 2019
2637 4871
1212 2407
3209 5683
2640 1760
2641 4420
2548 5566
2643 3270
3055 3618
215 3030
2646 28
4400 5608
2648 2209
2649 4014
2650 2501
9661 3315
2652 3376
2653 1824
2675 3317
2655 139
92 4361
4266 5203
2658 6057
2659 5784
1455 6867
2661 2134
592 2592
2663 2427
6284 1435
686 5524
2666 2114
2667 3746
2668 2559
2006 1966
2670 7263
2671 4173
2672 2669
3558 6535
2674 803
2654 3317
2676 163
2677 3792
2678 3362
7743 4697
2680 5336
2681 3482
9000 2905
1375 3943
2684 1092
2685 58
663 5570
2687 6191
8951 4253
6041 3467
9592 945
4851 3277
2692 3662
1831 1681
2694 361
2695 5251
2696 3517
2697 2756
2698 4289
2699 4973
2700 5819
2701 2033
2702 2315
2703 6819
2704 6060
2705 6926
2706 6710
6287 1077
2708 1476
2709 5280
3253 6
2711 6208
2712 4239
2713 6646
2714 6639
2715 5020
1161 1766
2717 3933
6244 6672
2719 1266
2720 1159
7580 5152
2722 2784
2723 3514
2724 3499
2725 3694
2726 4182
2727 5515
2728 2766
2729 4657
4146 1019
2731 2893
2732 5628
8273 1699
2734 5774
2735 3020
2736 6041
2737 6054
2738 6891
2739 3932
2740 2663
2741 6328
4323 4528
7830 2363
2965 5218
2745 1397
2746 5420
2747 3929
4574 2984
2862 4610
1833 3599
2751 3772
2752 6029
2753 3712
2754 624
5975 1893
2756 1959
423 4563
4483 24
2759 3847
4520 5595
2761 1012
2762 1597
7279 3904
3473 2333
7921 6630
5813 2244
2767 779
225 6506
2769 1951
122 3260
4482 4271
4764 1434
2773 51
2774 894
2775 6058
2776 5255
2777 6749
9673 3854
7983 7100
2780 750
6397 4519
2782 836
2783 5722
7627 5114
2785 4939
2786 7099
2787 2335
2788 15
7976 4185
2790 1804
2861 4344
2792 3946
2793 3065
1606 2664
8889 4907
6429 4018
9289 6210
7761 1196
2799 2103
2800 5400
3279 1819
2802 5506
2803 2639
7253 6864
5875 475
2806 895
2807 1267
2539 540
5764 3827
2810 5585
6351 198
2812 6234
9423 2814
925 5765
2815 2717
2816 5441
5125 97
6745 4669
6849 5881
2820 6957
2821 7064
2822 2146
2823 3406
1489 4653
1039 1548
7117 5644
415 2945
2828 1203
2829 6055
2518 647
2831 2227
2832 4408
2833 1253
9575 3425
932 1650
2836 5398
1356 4930
1482 546
2839 7155
2332 2996
2841 1012
5311 2558
3305 6173
5516 3151
2845 788
2846 760
2139 4625
2219 4926
527 2042
7224 1622
2851 4021
6921 1016
9500 3660
551 6123
2855 1530
2184 302
2857 2308
2858 6537
2385 465
2860 3024
3751 4344
2749 4610
3425 5018
8390 103
2865 6542
2866 2314
2156 7151
617 1291
7664 276
4616 6113
422 1834
2872 1110
2873 5844
8706 6500
2056 4751
2876 2658
2877 495
2878 6023
2879 2368
2880 359
4011 5538
2882 4334
2279 6025
2884 6994
2885 3921
2886 4941
2166 2337
2888 6869
2889 3630
8447 6049
2891 2503
275 3603
4245 3599
7293 1492
2895 1570
2896 6327
2897 6548
2710 6
3778 3463
2900 4015
2901 4387
835 1638
8764 6673
4818 512
2905 4670
2906 213
8543 3341
6452 6090
2909 5177
2910 991
4443 2979
2912 2190
2913 639
5860 3291
6857 4638
483 2437
2917 3966
265 5761
2372 7018
5129 1779
2921 6635
2922 4896
3391 6486
1745 2903
2925 4398
2926 4125
2927 6319
6232 6724
519 4481
2930 2308
2931 132
4873 3380
2933 2280
5803 2049
1180 421
2936 692
6434 286
5178 2213
2939 4965
1451 1802
4991 5564
2942 2764
2943 4484
2944 5691
2945 7154
1418 4545
2947 5595
2948 5893
2949 6566
2950 3703
2951 5301
5834 1645
8508 5096
908 35
2955 4366
2956 111
8676 1180
2958 6815
2959 6109
2960 4005
1294 4193
2962 5199
2963 3548
7856 6742
1653 5218
2966 7153
2967 5516
1649 480
2969 778
4956 4724
2971 7048
2359 121
6180 6888
4354 3845
8594 3804
2976 4911
106 6579
3572 9
2979 26
9035 1776
3718 6295
2982 3674
2983 6681
4532 273
4237 11
4695 6062
6170 4628
2988 993
2989 1931
2990 5695
2991 6494
2992 974
5043 8
3210 6938
7278 1740
6739 5129
8841 7173
2998 1274
2999 2392
3000 2009
3562 7093
1532 3389
3571 934
3004 2452
3005 6400
3006 2459
358 2536
6134 2807
3009 5279
1973 7177
6406 6961
5866 4734
3013 6407
3014 2357
7156 1411
9497 4888
7529 4315
3018 3919
3019 920
4241 6840
3021 6061
3022 3939
8364 332
5339 4534
3025 3439
3026 5465
1248 2484
3028 7067
3029 3830
3030 304
3031 4726
3032 4802
3033 588
3034 4211
1635 754
3036 2587
9322 891
3038 3420
8630 4919
3040 467
3041 3577
3042 965
3043 6241
3044 2184
683 1312
3046 6502
3047 4403
3048 4715
7434 209
5832 3803
8554 752
3052 5775
3053 6179
3054 5344
2644 3618
6198 3466
3057 792
3058 4933
3704 6331
7267 2476
1919 3721
4059 6952
3063 3896
3064 1905
3065 154
3066 4693
8029 2383
3068 3063
3466 6271
3070 6353
3071 219
3072 4666
3621 430
8573 890
5628 3945
3076 5710
9540 1405
3078 616
3079 6611
3080 914
7158 2154
3082 7149
3083 4730
3084 5616
3085 6196
3086 5968
9275 4795
3088 4272
6309 6699
3090 1998
3091 4036
60 6694
7762 1716
9701 3094
3095 4941
8645 4245
7980 3079
3098 6197
5100 4240
3100 6298
6283 7035
1282 4
5256 3983
7383 6592
3105 5457
3106 6412
3107 5986
3108 5250
3109 3972
3110 5010
3111 2998
5576 2362
3113 5855
3114 1148
3115 4924
9377 2900
8163 2994
3118 6837
6140 5721
6099 3852
3121 610
1805 1166
3123 582
3124 4667
3125 5455
3126 2429
6008 4180
7200 4624
3129 6859
3130 2406
3131 6792
3809 3405
869 3371
2547 5683
3135 1589
3136 92
5948 6182
466 6960
7280 5076
3140 6046
2868 1291
3142 2622
4115 52
3144 3054
3145 1468
3146 6453
3147 3697
3148 721
3149 5654
949 2965
3151 6721
3920 5432
3153 4485
6019 581
3155 269
9443 2736
4860 1319
3158 3430
7781 5245
3160 4652
3161 5328
2011 1143
6352 618
3164 3727
2533 5117
3166 5392
3167 2187
3168 2510
3169 719
3170 5923
1768 369
9473 6115
3173 7089
8307 6212
3175 6103
3176 1742
3177 3365
7366 3041
3179 3434
3180 6513
8557 6012
3722 6600
2566 1113
3184 2013
3185 6978
3186 2770
2875 4751
8580 2179
3189 5211
1429 7007
3191 5081
9424 5942
3193 4218
3194 6390
3195 5481
3196 5840
3197 2702
2135 5310
3199 739
3200 7067
3201 6835
6155 2937
3218 635
536 889
2382 3044
4832 3888
3207 4588
937 3612
2639 5683
2994 6938
3211 6017
4683 4465
7453 5205
3214 3744
3215 3378
3216 4772
3217 2865
5567 635
3219 6134
3220 613
3221 6716
3222 6407
3223 5871
2304 6608
586 3496
9600 4762
3850 4812
3228 2388
3229 730
3230 5274
3231 1856
3232 3653
3233 226
5130 7169
2329 5956
6195 3638
6876 379
3238 5311
3239 2658
4788 3484
3241 6417
3242 1100
7707 508
3244 6357
3245 1104
3246 4163
15 4583
3248 4689
3249 3317
3250 6696
3117 2994
7857 2544
2898 6
3254 1710
4568 6040
3256 4533
3257 3843
3258 3984
3259 2496
4342 1024
433 3986
3262 5628
3263 6807
375 5129
7567 729
7797 3617
3267 6376
3268 3876
4896 5912
3270 706
2571 4782
2824 4653
7424 84
1420 2023
3749 2535
3276 1623
3277 4886
3278 2178
2801 1819
3280 3901
3281 3299
831 4662
3283 1525
3284 551
3285 5032
3286 4506
3293 2641
3288 5316
4976 82
1766 7162
2466 3028
8916 4210
3287 2641
1645 1146
3295 4333
3296 7012
3297 1916
6116 3127
2397 6072
3300 708
5167 6830
3302 2823
8229 3229
3304 5911
3999 6173
3341 1302
3307 1227
3308 450
3309 5453
3310 3315
3311 773
3312 1085
3313 5762
3314 3410
1183 1290
3316 1894
8192 1827
3318 505
781 2962
3320 3398
7511 4750
4222 6736
3664 2482
6937 1758
3325 1326
3326 4776
9513 4841
2327 5772
3329 7046
3330 1574
3331 3109
3332 109
3333 5715
4081 6048
3335 3582
3336 6609
8214 6816
4544 2993
590 6322
3340 2073
3306 1302
3342 734
5620 5116
2840 2996
3345 6479
3346 21
3347 4523
3348 3837
9538 3071
3012 4734
3351 7067
3352 548
3353 5450
9119 5190
3355 6416
3356 1832
3357 2057
3358 1595
2499 7100
9434 961
6906 2425
3362 4677
3363 5563
3364 2891
3365 3656
3366 2129
3367 1020
3368 582
3369 6916
3370 4805
3371 7020
3372 1871
7907 5847
3374 7244
3375 2266
3376 4429
3377 4040
3378 4876
5364 7108
3380 7067
3381 413
1993 1964
3383 1115
3384 5522
3385 3812
8830 6918
6205 6057
3388 1206
3389 1241
3390 5731
2923 6486
5595 5879
3393 2914
2356 7240
3395 6715
213 5152
3397 6913
3398 4298
3399 648
3400 780
3401 6197
8404 5235
3403 2294
6818 5378
3405 6774
7981 6917
7210 1336
3408 245
3409 5729
2129 560
3411 1521
3412 6668
3413 4268
3414 3224
7570 1642
7645 2360
3417 3778
3418 5801
9036 3781
3420 4045
5668 3624
1610 858
5248 6163
5759 1046
2863 5018
3426 6078
3427 3661
6391 821
4911 5591
3430 3051
1417 6921
3432 5093
3433 5690
1195 4041
3435 6861
9529 6574
3437 4091
3438 3306
5153 2730
6281 2403
3441 2433
6598 799
3443 543
1998 663
3445 2645
3446 3337
3447 4535
2364 6460
3449 5249
3450 3696
3946 2420
3452 2962
3453 828
1126 601
8158 4346
5717 2030
6367 3513
7341 1922
198 5095
6969 6960
3639 6441
3462 1405
3915 6702
3464 5099
3465 3236
3069 6271
9148 5232
3468 5700
3469 1831
9143 4411
3752 5627
3472 6548
2764 2333
3474 5341
3475 5934
2532 2491
8644 26
3478 942
3479 4932
3480 1370
8413 1278
3482 3511
7197 2749
3484 5174
1351 1704
5068 1590
3487 4593
7569 1132
7545 3487
5219 3299
3491 2524
3492 327
3493 2953
3494 1162
7534 6317
5420 6423
1478 2109
3498 179
3499 1510
9696 3982
3501 256
3502 6762
3503 3923
3504 6474
3505 3978
6686 7138
3507 5816
3508 2923
3509 3728
3510 1741
3511 2310
3512 4912
3513 3309
8446 3333
9571 220
1591 4791
3517 4762
667 6971
3519 3176
3520 221
3521 4898
3522 4497
3523 5936
7053 4401
3525 395
3526 7242
3527 2549
5304 2272
4677 5320
3530 1817
9274 7141
3532 287
3533 6687
3534 2424
5648 4969
6666 4083
3537 9
6722 1422
149 3853
1910 3501
3541 1424
3542 3119
3543 7162
3544 1403
3545 510
3546 309
3547 5462
5187 1611
1890 3041
3865 2883
8781 3823
3552 751
1633 1632
3554 1616
247 3008
3556 6132
7168 5873
2673 6535
3559 6910
8567 419
3561 1972
3001 7093
9184 3635
3821 3188
6354 7061
8171 5318
3567 5183
3568 4702
3569 2240
3570 3790
3003 934
6851 9
3573 2027
2264 5263
3575 4351
3576 6349
621 4849
3578 3244
3579 5230
5658 1960
3581 3300
9250 6416
4652 4843
3756 173
3585 9
3586 7008
3587 580
4227 416
4793 1806
3590 885
3591 1936
3592 987
3593 4030
3594 3826
6947 6477
3596 873
2401 5788
3598 5904
3599 1433
3600 2039
3601 6413
3602 6709
529 3419
7607 5405
6740 2869
5386 5282
3607 432
6626 1430
3609 5415
3610 5108
7996 724
3612 4400
3613 100
6258 6449
1716 2691
9097 4339
5776 135
7349 4234
3619 6192
3879 4814
3073 430
5139 4804
7248 5146
3624 1337
3625 642
2077 1355
3627 530
3628 998
3629 4453
3630 1643
4864 4898
3632 7120
8308 1576
3634 515
2291 1279
4057 1559
3637 2721
3638 1518
3461 6441
8623 3153
3962 2668
3927 6107
4536 6045
3644 6785
8621 5806
3646 2312
3647 4284
3648 4651
6484 1924
7188 2263
3651 6996
3652 4316
3653 6354
2425 7123
7206 1063
3656 3344
3528 2272
4336 2916
3659 784
3660 3310
5698 1174
3662 482
3663 5316
3323 2482
3665 3232
9125 3112
3667 5578
3668 2167
3669 4232
3670 5661
3671 6428
614 4680
3673 5273
3878 4492
3675 1488
6097 4731
3677 4101
8566 5437
4165 521
3680 3177
3681 1505
8459 6667
2073 2313
7843 829
3685 2889
3686 4751
4618 4016
8279 622
5158 5105
3690 6172
4961 1294
3692 1264
5959 372
4140 1695
3695 6526
3696 2046
6863 4243
3698 3799
4883 3750
3798 1554
3701 279
491 2901
4425 4500
3059 6331
3705 1690
6257 4355
1857 3142
8452 5631
3709 1304
3710 141
3711 1537
3712 6072
3713 4991
3714 2840
3715 344
3716 430
6981 2498
2981 6295
3719 6205
3720 6309
3721 1784
3182 6600
3723 1490
3394 7240
7351 5880
3726 4358
3727 1307
3728 3465
4137 4904
1336 357
1623 757
2411 2884
7242 2725
1272 434
3735 4859
6191 5073
4701 2829
8343 4354
7963 5385
7134 4085
479 5759
6379 5296
3743 6647
2420 1729
7703 5258
3746 225
7716 6305
3748 6364
5827 2535
8813 708
2791 4344
3471 5627
89 3702
3754 2333
2556 2754
482 173
3757 7253
8691 6200
3759 4580
3760 4516
3761 1963
3762 4709
3763 3067
7557 3987
3765 5388
6265 4606
3767 7139
3768 4473
6938 357
3770 3459
3771 3642
3772 398
9091 473
5881 2143
5843 5726
3776 4197
3777 6399
2899 3463
7653 6549
4986 6329
3781 5998
2758 24
9678 2235
3784 5528
517 729
3786 5321
6712 5202
3788 1489
3789 6097
3790 876
3791 5974
3792 3619
3793 6297
3794 2336
6055 10
3796 4639
3797 3361
3700 1554
3799 3607
3800 1957
5345 32
6827 2695
1962 606
3804 3866
3805 726
7877 6310
3807 4671
2322 883
3132 3405
3810 1218
1933 5353
659 6133
3674 4492
2903 6673
602 810
3816 2283
3817 4773
3818 1460
982 4905
3820 5885
3564 3188
7805 1976
3823 6716
3824 3958
3825 949
3826 2747
3827 1214
3828 4676
4244 3278
3830 981
4069 5186
1437 1660
3833 4386
3834 2027
3835 504
3836 1870
3837 2347
3838 3396
3934 2470
4431 6801
3841 699
3842 1318
3843 5266
2557 3034
7378 89
3846 680
3847 5992
208 187
5989 3425
3227 4812
3851 6003
3852 1859
3853 374
3854 3624
8815 4787
105 5526
3857 3747
3858 3984
3859 3349
3860 6332
3861 6972
3862 5962
1288 585
5312 7087
3550 2883
3866 5690
3867 2678
3868 793
3869 2451
3870 6505
3871 2817
3872 4613
3873 5511
3874 110
3875 4584
3876 5419
5642 4369
3813 4492
5862 4814
5246 764
3881 5514
3882 2404
7735 2152
3884 1968
5936 558
5484 5844
3887 4683
3888 1816
3889 1010
3890 3457
189 6643
1868 6391
3893 6120
3894 3428
3895 685
3896 118
3897 5639
3898 3949
1229 6786
1658 7095
7965 752
8243 7168
9648 3012
3774 2143
3905 5181
3906 5752
3907 3687
3908 5556
3909 3095
3910 3451
3911 4438
3912 2223
5223 2501
3914 468
9384 6702
3916 3056
3917 4190
1930 1541
692 4862
3152 5432
3921 568
4116 4955
868 7188
9558 6727
3925 2401
3926 1106
3642 6107
2321 4468
3929 6698
3930 2268
3931 4753
3932 4409
7097 4367
3839 2470
521 1365
3936 6583
3237 379
7394 69
3939 6773
2434 441
3941 7108
3942 2997
3943 3554
3944 498
3945 996
3451 2420
7441 3296
3948 22
8805 5930
9130 2904
8464 6693
8296 3371
8527 1891
4849 3231
6748 1988
3956 5594
3957 6501
3958 6516
3959 4592
1061 1272
3961 6027
3641 2668
3963 6407
3964 1412
3965 1918
3966 1181
5039 6806
3968 1500
3969 5522
4015 2762
6389 1132
1935 6193
3973 1568
700 50
267 3200
3976 3351
3977 3373
3978 3822
8737 612
3980 4078
3981 4701
74 1625
3983 866
3984 1171
3985 7043
3986 6925
6096 1954
3988 245
8976 7163
3990 2740
5545 7098
547 1922
3993 1477
3994 134
5634 7176
6404 4057
1361 1401
3998 5984
1369 6173
6230 5693
6416 286
4002 3373
8014 6370
1242 5245
6522 851
4006 4124
2795 4907
4008 6905
4009 6499
4010 6768
2881 5538
4087 4235
4013 2698
4014 957
3970 2762
4016 1035
4017 2646
4018 2670
4019 2016
4020 5945
1946 1209
4022 953
1690 6468
4024 514
4025 3074
4026 3307
7006 6697
4028 7108
6486 5482
4030 5222
4031 5753
3139 5076
6073 1282
6386 4395
4035 4426
4036 1070
2427 2533
4038 4539
6264 6462
4040 1445
4041 5868
5009 5624
2113 3714
6282 2972
4045 766
4046 3556
4047 5581
4048 460
4049 4942
4050 6613
6782 5900
4052 7119
4053 3812
4054 2155
7286 3328
7116 5395
3636 1559
4058 364
3062 6952
7636 2302
6290 2215
4062 3538
4063 5886
6094 7164
4065 2975
8634 6555
2252 479
8021 2435
3831 5186
9462 2161
4071 5613
2796 4018
4073 6692
4074 3626
4075 2973
4076 168
4077 3192
8995 4111
5678 5082
4080 3115
5260 6048
6933 6980
5533 4320
4084 6425
811 5511
4086 4296
5572 4235
4088 4372
4089 1633
4090 6324
4108 6006
4092 4971
6538 3811
7207 3670
4095 1664
4096 1433
1091 6577
4098 4412
4099 2835
8624 1567
4101 1056
4102 4389
5375 1790
7543 2247
1963 35
4106 1308
4107 4700
4091 6006
6703 4410
1903 5655
2133 4628
579 939
8642 5024
4114 7140
8832 52
5455 4955
589 1861
4602 3045
969 6777
4120 3076
4121 6348
4122 6557
4123 4661
4124 1036
8318 6562
6224 2358
4127 2165
4128 6686
4129 4620
8761 3520
4131 2635
4132 5064
4133 814
7931 785
4135 4846
4136 295
3729 4904
4138 3786
4139 2051
4651 1695
4141 777
4176 2848
4143 5253
77 4469
6813 1932
2730 1019
6479 4280
7041 4988
7308 4893
7457 4540
4931 1987
4152 1788
9198 5994
4154 3413
5616 375
4156 2664
4157 5885
4879 2732
4159 2733
4160 6095
4161 7221
4162 4289
5335 6605
4164 1135
5957 521
4166 4733
1742 2541
4168 1571
718 6892
9633 1347
1513 857
9641 4868
8818 4925
4174 550
4175 5456
4142 2848
4177 4508
7763 6885
9106 1815
6826 1354
6936 2212
4182 4456
9566 6168
4184 4442
3328 5772
4186 2477
7659 1449
4188 1606
4189 2183
4190 7142
4191 2880
3518 6971
4298 7162
4194 2917
4195 3060
4196 2099
143 7248
4198 1694
4199 1806
4200 373
4201 1912
9252 2026
1406 1721
4204 5603
4205 4307
2247 3861
4207 2125
8255 3876
4209 1672
6719 3605
4211 6974
4212 5025
4213 4135
4214 3196
9196 6353
6026 2113
7975 2323
4218 2848
4219 4446
4220 6330
1192 3462
3322 6736
8188 4867
4224 3308
4225 2607
4226 1879
3588 416
4228 2898
5383 5278
4230 110
4231 6180
1594 2807
4233 2472
4234 1028
4235 3168
4236 3731
689 11
4238 3397
4239 4299
4240 2515
3020 6840
4242 1166
4243 690
6015 3278
1679 3599
4246 2253
1520 1419
4248 3541
8577 6760
6532 4118
4251 1597
4252 5939
8288 636
4254 3179
4255 4317
4923 2346
4257 6935
1203 7201
4259 5064
4906 3625
4261 2665
4262 1818
4263 4969
4264 7194
4265 2133
2657 5203
4267 5117
4268 4484
5343 1420
4270 5728
4271 3538
4272 6239
4273 5513
6805 3129
4275 3572
4276 4012
4277 3292
4278 3230
9682 6071
9045 5552
4281 3456
4282 6265
5473 6334
5148 4381
4285 3954
4286 3920
4287 492
4288 6692
4289 5418
1364 1884
985 978
4292 6923
1002 2281
4294 408
6127 2123
4296 219
6996 4464
3290 7162
4299 4413
4300 2000
8629 1835
4302 2006
4303 5414
4304 6988
4305 1779
5652 6761
4307 4596
4308 4241
4309 2658
5633 1293
4311 5309
4312 4971
8701 5838
4314 6290
4144 4469
2020 3237
4317 882
4318 3194
4319 6217
6373 4706
4321 2124
4322 5180
2742 4528
4324 2344
6343 7015
4326 6852
7961 2078
4328 1898
4329 3355
4330 3352
4331 1127
4332 4672
4333 2093
4334 6333
4335 3890
3658 2916
4337 4047
3455 4346
5955 5358
2112 1259
6196 7143
2010 1024
4343 5435
2180 6554
7726 268
4346 1086
2409 3350
4348 1882
318 7146
896 5445
4351 1150
771 6268
4353 2690
2974 3845
6449 889
4356 4653
9181 2094
4658 5331
4359 5949
5830 4525
4361 3729
4362 6829
4363 3456
4364 4435
4365 1549
4366 5794
7055 4721
3099 4240
7943 4954
4746 5884
4371 806
4372 956
4373 5055
4374 2169
4375 3609
4376 4110
4377 361
4560 1206
1940 7018
1810 3657
2543 6753
8138 5462
1632 4532
8901 2019
8967 815
4386 6841
4387 4965
6432 6845
8075 4821
6935 557
4066 6555
8380 2063
8807 278
4394 1073
4395 2604
4396 5542
4397 6522
7007 3615
4399 5384
2647 5608
4401 2654
4352 6268
4403 1993
8655 6326
1730 1311
2296 1515
4407 5156
4408 2846
4409 2064
9399 6377
2797 6210
2052 6459
409 7152
4414 2239
4415 1203
4416 3913
710 7167
4418 6742
4419 6956
6924 2356
4421 2111
8589 4819
4423 5272
1705 5546
3703 4500
6021 3745
8954 6553
4691 4205
4429 1873
4430 2384
4884 6801
4432 2758
4433 3105
4434 5237
4984 2581
263 990
64 3818
4438 780
4439 2541
782 1805
4700 5728
4442 2158
9296 2979
6001 775
4445 1471
4446 1793
4447 211
739 6327
4449 3156
4450 6517
6527 5836
4452 5787
4453 5404
6932 502
4455 3554
1698 7230
4457 184
8528 6596
4459 1398
6798 2465
4461 4295
4402 6268
4463 5614
1565 7041
4465 5032
4466 3088
4467 7236
4468 4999
2688 4253
9043 3810
2068 5718
4472 1315
4473 6874
4474 5261
4475 3889
4476 4210
8622 973
4478 7068
4479 5583
4480 1163
4481 2283
2771 4271
3782 24
7185 528
4485 694
4486 5667
5182 3738
4488 669
8941 2812
4490 7089
4491 5902
7924 3431
9112 5288
5421 407
4495 1857
4496 5540
4497 1170
5612 7237
4499 5494
4500 2640
4501 3607
680 2576
295 3778
1873 4544
4505 182
4506 5842
4507 4997
9469 847
4509 5533
4510 7209
8349 3842
4512 6263
1681 6054
7315 3311
4515 1861
4516 5243
4517 4579
4518 2752
9226 3793
2760 5595
5801 1344
4522 6531
4523 3844
6858 6074
4525 2277
4526 604
7191 1231
6247 3756
4529 2694
4530 5497
4531 121
2984 273
4533 3548
6615 6151
4535 1509
3643 6045
4537 6406
4538 7174
9388 1003
4540 7144
1468 2547
4542 4343
7551 2595
3338 2993
4545 6747
4546 472
1142 713
2616 6430
1540 7209
4550 7077
336 541
4552 489
2435 1498
4554 2457
4555 5899
5578 3235
4557 4604
4558 2524
4559 507
4378 1206
4561 5053
4562 424
4563 2348
4564 7147
4565 4074
8521 5558
5689 4700
3255 6040
4569 3956
4570 2238
4571 7053
4572 2971
7535 4961
2748 2984
5254 5254
4576 64
5617 2505
4578 1855
4579 3195
4580 3641
9004 169
5408 1396
4583 3397
4584 665
1563 5227
4586 74
4587 4026
4588 6039
4589 3962
4590 5217
4591 1601
4592 2471
4593 5276
4594 6093
1020 4480
4596 6716
4597 4990
4598 3183
5515 2778
4600 1952
2378 5633
4118 3045
4603 790
4604 2422
6761 3941
9287 4289
510 1030
5341 6586
4609 680
4610 4572
4611 2381
4612 2374
4613 296
8783 5075
4615 166
2870 6113
2554 4825
3687 4016
4619 6747
4620 1608
6413 2111
4622 3059
4623 1856
4624 4487
7550 340
8608 6896
637 4443
4628 3270
4629 7042
8893 915
7223 5204
4632 2479
5891 265
3272 4653
1957 3877
1172 2084
4637 2358
76 318
218 5122
4640 5155
5482 1982
4642 225
4839 782
4644 703
4645 2321
4646 1929
195 3654
4648 686
4649 6082
4650 3932
3694 1695
3583 4843
4653 2835
4654 1725
4655 859
4656 2876
5055 4169
4358 5331
4659 6950
2642 5566
4661 2302
4662 1576
4663 2615
4664 4266
1701 4263
4666 1579
4667 436
8425 1357
4669 5385
4670 3562
5076 614
4672 1322
4673 1250
4674 4225
4675 3690
6841 1096
3529 5320
6571 753
4679 452
4680 880
2074 3101
8745 4890
3212 4465
4684 2898
96 1692
4996 2318
4687 3963
4688 6211
5688 5206
4690 6350
4428 4205
4692 2411
4693 3578
1441 3037
2986 6062
4696 3364
5105 1217
4698 7044
8856 1709
4441 5728
7178 2829
4702 4777
4703 7142
4704 2465
4705 2848
4706 5753
8037 7092
4708 3813
4709 816
4039 6462
4711 270
4712 7260
2131 4527
4714 6136
4715 115
4716 301
4717 4941
4718 2033
4719 4131
3015 1411
4721 5970
4722 5077
4723 1214
237 57
4725 1626
130 1527
4727 2245
4728 4831
4729 2677
312 2156
8321 1492
4732 3316
4733 2921
4734 4913
4921 3854
4736 5547
5694 22
5092 3928
867 54
4740 4875
4741 5724
4742 5764
4743 330
4744 5512
4745 5079
4370 5884
5476 1467
722 4325
2306 2579
5915 6302
4751 1655
4752 2605
4753 4817
4754 3238
8261 239
4756 2601
893 6336
4758 6851
7273 2615
4760 5406
1869 221
2622 1986
4763 1208
1982 1434
4765 6425
1284 4837
4767 2189
4768 833
4769 5660
4770 87
9303 3213
4772 5402
6989 796
4774 4360
4775 4611
4776 1455
7362 114
4778 6309
5518 3632
4780 4373
5119 2857
1298 373
4783 1252
9438 461
4785 7262
8834 6989
4787 1272
3240 3484
4789 1871
4790 4704
9488 1332
9460 6930
3589 1806
8681 1
2212 1964
2819 5881
4797 4609
8878 1838
6688 5182
8631 637
1548 2332
4802 5277
4803 2308
6279 946
4805 4101
9461 4357
3742 5296
5968 1991
4809 6904
4810 545
224 6991
1719 4611
4813 2013
4814 6622
4815 4394
161 7218
4817 608
2904 512
2789 4185
3608 1430
4821 2365
6256 3192
4823 864
4824 4572
9168 2560
4826 6664
8084 3511
2804 6864
5584 759
5823 946
4831 1950
1702 3888
4833 3392
5117 4348
4835 459
5413 1548
4837 5776
4838 4487
4643 782
4950 4066
7227 1378
9105 5070
9494 931
4844 1510
4845 2091
4846 6642
1624 6518
4848 2319
1538 3231
1569 1634
2691 3277
4852 2691
4638 318
4854 5735
4855 6128
9595 5861
8359 4776
7314 7106
944 6356
8829 1319
4861 2478
7722 6620
4863 2381
3631 4898
4865 3413
4866 6782
4867 5612
4868 5684
4869 294
4870 1033
4871 25
9102 1403
2932 3380
4874 4993
6472 1543
4876 1128
4877 3993
4878 2809
4158 2732
4880 837
440 1343
4882 5874
3699 3750
3840 6801
6648 2863
196 2345
4887 4652
4888 740
1557 2153
4890 7077
9474 1085
4892 2778
4893 1533
4894 4177
5664 3558
5165 5912
8958 755
4898 3899
4899 4985
3606 5282
4901 3450
4902 503
4903 2577
4904 3686
1711 4983
2368 3625
2582 1799
4908 237
6159 3436
7407 3253
3429 5591
1051 6676
6101 257
4914 5938
6078 970
145 3022
4917 1211
4918 1057
1988 4313
4920 6784
4735 3854
4922 1303
4256 2346
4924 2654
4925 6732
4926 1448
4927 2141
203 3464
4929 5699
4930 2637
4151 1987
9292 6507
6415 907
8955 3470
391 2339
7668 676
4607 1030
4938 845
4794 1
8115 3761
4941 4857
4942 1091
4943 5303
4944 571
2578 3212
4946 2105
2501 1101
4948 4577
4949 797
4840 4066
4951 4494
4952 6439
8423 1705
4954 4825
1339 3992
5462 4724
8496 3002
1959 4743
4959 6358
4316 3237
3691 1294
7631 798
4963 3779
329 7135
4965 719
4966 3209
4967 590
9376 3971
7062 1886
4970 811
1537 3492
4972 3981
4973 5308
4974 42
4975 6250
3289 82
4977 2922
5229 1099
4100 1567
1713 6805
6197 4138
4982 1424
889 6818
4435 2581
4985 6351
3780 6329
4987 2293
4988 2547
7335 4770
6636 2283
2941 5564
4992 127
4993 1305
6259 6534
4995 1881
9608 2318
4997 6196
4998 994
4999 2293
421 4149
5001 4005
524 4012
5003 6641
7850 4292
5005 3285
5006 2746
5007 2438
8766 5668
4042 5624
5010 3204
1082 2273
6122 112
5013 6266
6772 927
5015 6884
5666 6142
7500 79
5053 4548
5019 5875
8556 5216
5021 6125
9279 3550
5023 6408
5024 122
735 38
988 2239
7169 6756
5028 5488
5029 5617
5030 1286
5031 113
6408 105
8132 2866
5034 3022
7214 2351
5036 4452
5037 1049
5038 6092
3967 6806
5040 6030
5886 4722
5941 3257
7381 8
5044 2834
5045 3644
815 6248
5047 596
3783 2235
5049 4611
5050 396
2512 622
5052 533
5018 4548
5054 3428
4657 4169
6993 7081
5057 4255
5058 1816
416 3814
1009 2550
5061 5803
7418 816
7914 5138
5064 4294
5065 127
7324 6368
5067 5164
3486 1590
1778 760
5070 2261
5071 2290
5072 415
5073 6259
5074 1395
5075 7035
4671 614
9519 1955
5078 6825
5720 4569
5080 1940
9283 1423
5082 3255
5083 345
5084 6556
2563 2385
5086 6147
5087 2742
2195 2953
5089 5752
1769 4989
7119 4729
766 3928
5093 4739
7074 6660
5095 1363
2033 2059
5097 1602
5098 7023
1038 2873
4368 4240
5101 2985
5102 1239
5103 5194
8182 3029
4697 1217
5176 6980
9236 5921
9481 899
5109 1819
5110 5072
5111 4415
5112 914
5969 5952
5114 3661
5115 776
8990 3685
9233 4348
5118 1564
4781 2857
2371 2376
7892 3365
6934 6121
5123 6659
5124 6797
6908 97
6493 3050
5127 4093
5128 3033
2920 1779
5521 7169
5131 634
8252 1685
5133 6425
5134 5358
5135 2611
6466 4382
5137 6157
8709 6379
3622 4804
5513 2254
7507 5428
5142 2998
5143 6106
5154 6585
7353 4267
4551 541
5147 3057
294 4381
5149 6607
5150 5052
5151 1141
5152 6571
3439 2730
5144 6585
5155 5302
5156 3519
5157 6789
3689 5105
5159 984
5160 234
5161 5933
736 1396
6881 5288
5164 6408
3269 5912
1542 5425
2128 6830
5168 1302
5169 204
5170 339
9437 5774
5172 5782
5173 5905
7208 4123
319 3154
4082 6980
5177 741
2938 2213
5179 6598
5180 4126
5181 3729
6965 3738
5183 3420
5184 1383
5185 4260
5186 6339
3548 1611
5188 4261
6850 62
7183 5436
5191 1391
5192 2899
5193 1835
5194 4029
5195 1984
5196 743
595 3562
5198 6296
5199 5369
5200 4681
5201 1860
5202 6236
5203 4823
5552 3875
5205 3659
6638 4543
5207 5874
5208 6542
5209 3440
5210 2344
266 5198
5212 1085
154 4482
5214 190
289 4806
6891 5255
1551 1646
5218 7259
3490 3299
8635 4987
6531 173
5222 5647
3913 2501
5509 5326
9651 2376
5226 7026
5227 586
5228 2349
4978 1099
5230 6371
1088 6053
5232 6725
1670 877
8153 371
5235 2095
5236 1808
5237 4708
5238 5542
5239 5059
5240 17
8861 1688
5242 126
5243 1791
5244 599
7609 4675
3880 764
5247 4223
3423 6163
5249 5418
495 696
5251 2320
5252 234
6907 6129
4575 5254
3171 369
7342 3983
9310 4238
5258 4130
5259 4626
3334 6048
9320 3005
5262 2430
5263 5172
5264 4835
1106 4319
1582 3956
5267 162
1377 2053
5269 1021
5270 4375
5527 4947
8784 1926
5273 4384
5274 1854
6488 3705
5276 5356
5277 250
5278 4195
5279 5315
5280 3475
5281 5100
5282 1059
5283 1891
9557 3704
2410 907
5286 5787
5287 1426
5288 2136
628 3775
5290 3542
2553 4067
5292 1639
5293 1934
2302 3061
5295 3681
5296 2119
5297 3165
5298 1964
5315 620
5300 3630
8122 1737
5302 6211
5303 342
3657 2272
5305 5369
5306 5520
1503 1777
5486 3062
7284 762
5310 5525
2842 2558
3864 7087
5313 6088
26 460
6729 620
5316 2316
5317 1642
5318 605
6506 4705
5320 7227
5321 3086
53 2237
9016 5454
5324 4249
5325 316
5326 1086
5327 2321
5328 217
5329 5272
6361 2131
775 5535
5332 4307
5333 6088
1452 728
2024 6605
5336 170
8526 6081
5752 3672
3024 4534
9220 1935
9077 6586
5504 626
4269 1420
5344 1516
3801 32
5346 1351
7423 2090
5953 2328
393 3055
343 2699
5351 1879
7616 1457
5353 6952
5354 5246
5355 7065
5356 1622
5854 4126
4393 278
5359 4800
6330 6156
8042 1735
1851 3345
2085 7100
3379 7108
5365 6507
5366 3421
5367 1614
7343 4632
5369 5097
5370 3824
5371 3271
5372 6844
2034 5925
5374 4329
8319 1790
5376 4476
1260 2955
5625 1404
5379 6485
5928 215
5381 2708
5382 2773
4229 5278
5384 352
5385 5123
4900 5282
1163 2968
5388 165
5389 3966
5390 1976
9007 1727
9361 6437
5393 823
5394 4026
5395 2444
8895 4979
1070 4567
1740 1335
5943 854
5400 1653
5465 1841
5402 4125
5403 4287
5404 2139
8004 564
9282 3964
5407 3918
1488 1396
5409 3265
9222 281
5411 5383
5412 809
2825 1548
5414 2954
5415 7246
7385 6962
323 6351
8509 5857
5419 374
3496 6423
4494 407
8665 1611
760 2016
5424 5553
5425 6482
5426 535
5427 6349
5428 289
5429 3144
836 3937
5431 4171
4933 907
5433 597
5434 3217
5435 3061
5436 188
6454 2117
5438 5159
5439 4580
5440 4070
5441 2889
5442 3064
5443 6705
381 6464
5445 5509
5446 6030
5447 771
7412 4279
4044 2972
5450 5536
5451 1254
5452 1654
5453 7028
2414 1786
3922 4955
9617 5244
5457 295
5458 3536
5459 5529
5460 6305
7216 3193
8598 4724
5063 5138
359 1683
5401 1841
5466 3085
5467 7250
6539 6575
5469 149
11 805
7734 2110
5472 6333
518 6334
5474 5910
5475 2474
4747 1467
5477 1092
2138 5801
1255 7128
5480 3851
5481 1520
4641 1982
5483 1392
3886 5844
5485 1587
5308 3062
9253 2731
2638 2407
5489 5130
5490 3143
1432 6849
5492 6013
5493 352
8678 6440
5495 3896
5496 5767
1197 400
5498 971
5499 2548
5500 6468
5501 7166
5502 2918
2507 4359
8168 626
7233 3864
5506 2076
5507 2603
5508 2340
5224 5326
5510 2640
5511 3403
5512 4151
5140 2254
8201 3899
4599 2778
5871 3151
5517 2371
4779 3632
5643 7268
5520 939
3234 7169
5522 3677
5523 5069
1292 1172
5525 5054
8157 6690
132 4947
6544 3460
2421 1708
5530 2003
5531 5222
5532 2575
4083 4320
303 3460
5535 4828
5536 4914
82 5314
5538 2917
9235 2560
5540 906
5541 3879
5674 2557
6764 6940
5544 5786
3991 7098
5546 127
8586 1733
5548 7221
5549 770
5550 5849
5551 993
9308 3875
5553 6731
5554 4144
5555 4019
1209 6104
5557 840
5558 4487
5559 4812
5560 1605
5598 4325
5562 5304
5563 3870
5564 1921
4955 3992
5566 958
1539 635
5568 3432
5569 3667
5570 2704
5571 1116
4012 4235
8128 7139
5574 3101
4801 2332
3112 2362
5577 2185
4556 3235
5579 3679
4193 7162
5581 3693
5582 6199
827 3540
6670 759
5585 3430
8133 7093
1137 4286
5588 7044
7426 2056
8152 4040
5591 654
5592 914
5593 935
9615 3395
3392 5879
9163 3521
5597 3893
681 4325
5599 2530
7670 600
5601 6898
1734 4178
642 2467
4060 2302
5605 2603
5606 4655
5607 2619
5608 4183
5609 3237
9412 3707
5914 1428
8770 7237
5613 2099
5614 4286
5615 2369
4155 375
4577 2505
3463 6702
5619 1114
3343 5116
5988 1872
5622 4362
5623 1810
5779 6078
5378 1404
5626 4384
5627 3831
3075 3945
5629 6808
5630 5575
5631 2074
5632 1568
4310 1293
3995 7176
5635 5551
5636 5166
5478 5801
2201 1938
5639 2460
8639 4587
8431 2450
3877 4369
5519 7268
9351 841
3157 1319
5890 2334
1837 1338
3535 4969
5649 3851
5650 4569
5410 281
968 6761
917 2792
5654 2322
6582 5518
5656 6548
5657 5463
3580 1960
7080 4091
5660 4218
5661 1083
5662 5354
5663 536
4895 3558
6173 4996
5016 6142
5667 181
7815 3624
5669 4402
6617 5472
7416 6467
5672 3032
5673 1903
7990 2557
5675 6533
5676 2791
1240 4027
4079 5082
5679 3751
5680 651
7454 2819
8828 4731
3724 7240
8703 3627
5685 5934
5686 4612
6842 2309
7699 5206
4567 4700
5690 1195
5998 6739
5892 1624
5693 6293
4737 22
6763 7094
5712 6999
5697 6470
3661 1174
5699 1230
5700 5717
5701 2699
1523 4390
5703 1699
5704 2414
5705 3076
2631 2940
5707 338
1030 6242
5709 679
5710 6724
5711 4431
5696 6999
5713 1615
5714 7156
5974 5570
5716 4276
3456 2030
5718 5496
5719 5863
7834 4569
5721 1421
5722 4209
5695 7094
5724 3537
7979 2257
5726 5278
5727 2031
5728 1055
5729 5854
5730 3582
5731 6536
5732 2819
8263 1586
5734 6631
5735 6355
5736 1223
2227 598
5738 2307
5739 4394
427 2808
5741 829
4070 2161
5986 5985
5241 1688
5745 3276
8739 6100
5747 4714
5748 2882
5749 4664
5750 5778
5751 3649
6751 3672
5753 4447
5754 3996
794 4405
5756 5823
8472 4412
5758 7136
3424 1046
5760 7107
5761 6779
4521 1344
2169 1846
2809 3827
5765 6253
5766 4300
1453 4597
5768 2222
2597 2874
8090 2821
8111 442
5772 2376
5773 5946
5774 5872
5775 2483
8625 135
5777 3988
5778 1087
5624 6078
5780 6807
5781 4757
6277 6382
5783 1289
5784 1746
5785 3812
5786 7166
8324 3720
5788 3848
2343 1582
5790 466
5791 2589
5792 6005
5793 4881
854 177
9691 1563
6610 348
8730 5401
7666 1820
8876 4966
5800 4954
5762 1344
5802 6987
2934 2049
9066 4364
5805 4378
5806 948
5807 2500
1737 1298
5809 2024
420 4922
991 2390
5812 5923
2766 2244
5814 2809
2544 1761
682 3733
5817 733
8836 6979
5819 1496
5820 3568
5821 2183
5822 10
4830 946
5824 1364
5825 3675
5826 5652
3275 2535
2027 4004
5829 6653
4360 4525
922 5917
3050 3803
5833 3378
2952 1645
5835 6362
9685 6149
2001 4046
5838 438
5839 3080
5840 6135
2123 5362
5842 3469
2624 5726
3159 5245
5845 4963
5846 2578
5847 3216
5848 2071
5849 6221
5850 4780
6502 6949
5852 4365
1536 4063
5357 4126
5855 2797
5856 4631
5857 4556
3298 3127
5859 2865
2914 3291
5861 3639
3620 4814
5863 7188
5864 5600
5865 5458
3350 4734
5867 2327
1423 6480
5869 4721
5870 19
2844 3151
5872 5923
8311 3608
5874 3846
2805 475
1427 5817
5877 3290
5878 1736
5879 7082
5880 948
3904 2143
5882 6280
8003 6494
5884 2081
493 1323
5041 4722
5887 3938
535 6418
5889 5190
9707 2334
4633 265
5692 1624
9644 2011
5894 3341
6214 1745
1131 3127
6153 6051
5898 3975
5899 1636
8040 1585
5901 1625
2242 6289
5903 3486
5904 4212
5905 7165
8794 306
5907 1454
5908 7233
5909 1423
5910 824
5911 3623
5912 2434
5913 574
5611 1428
4750 6302
5916 7118
470 229
5918 4545
5919 289
5920 1545
216 5866
8693 4439
5923 2214
5924 6597
7397 3739
5926 4152
5927 4186
5380 215
5929 3302
5930 4065
8239 3651
3074 890
8166 4858
5934 872
7475 2408
3885 558
5937 1775
5938 4293
5939 4070
5940 1556
5042 3257
5942 7146
1576 854
5944 4069
5945 1062
5946 666
5947 4542
3137 6182
2352 1667
9155 4669
5951 4479
5952 4248
5348 2328
1402 69
4339 5358
5956 3934
3679 521
1761 3512
1464 372
5960 5360
5961 6565
6736 6745
5963 2176
5964 1533
5965 740
5966 3636
5967 6769
6326 1991
5113 5952
5970 4417
5971 3742
5972 4578
5973 2430
5715 5570
2755 1893
5976 1543
5977 4179
5978 4071
5979 68
5980 862
5981 6386
6897 83
5983 6802
1522 3531
9067 3039
5743 5985
5987 4798
5621 1872
7615 3425
5990 2809
5991 5181
5992 6744
5993 2123
5994 1968
5995 1447
5996 2603
5997 6737
5691 6739
435 1604
6000 243
6859 775
6002 898
1252 3139
6004 7214
6005 70
2384 498
6007 3308
3127 4180
6009 1381
8391 4561
6417 3276
8451 5890
6013 4222
7463 3038
3829 3278
6016 671
6017 5714
9316 1451
3154 581
2404 1342
4426 3745
1646 3467
6023 722
6024 132
2444 5396
4216 2113
6027 4502
6179 3319
6029 6165
1350 5610
6031 271
6032 2609
6033 6614
3688 622
6035 3914
580 4469
941 1786
6038 3160
6039 6829
6040 3036
6022 3467
6042 142
6043 4256
6044 2034
6045 1350
6046 959
6047 6981
6336 2776
7611 3861
6050 6239
6051 3098
6052 4391
2491 3526
3730 357
3795 10
7776 865
6057 599
6058 4119
6059 4768
6060 592
6061 446
6062 941
6063 3130
6064 3120
6065 2372
7129 2582
6067 4549
6068 4052
6069 7041
6070 3399
6071 7021
6072 6560
7673 1282
6074 3137
928 3422
7243 1173
6077 6014
4915 970
9613 5092
7606 313
6081 6985
6082 2373
6083 1125
6084 3086
6085 4654
995 5666
964 796
6088 2752
6089 4551
6090 2611
8756 1284
1329 3926
6093 571
4064 7164
6095 5507
3987 1954
5682 4731
2106 2280
3120 3852
882 6119
4913 257
7938 6757
6103 3802
9313 397
6105 3583
6106 1136
6107 3783
6108 5596
7365 5071
6110 3055
6111 4903
7455 5389
8123 4651
3989 7163
6115 2897
5896 3127
51 2047
4739 54
6119 5736
6120 4192
6121 2371
5012 112
4979 1567
8427 1123
6125 102
6126 6626
4295 2123
6128 3162
6129 6224
6130 5754
6784 3779
6132 6000
7142 3275
7516 2807
6135 5488
6136 5413
6137 1190
6138 3139
7444 6560
3119 5721
6141 2241
6087 796
6143 2975
2479 4711
6145 5737
8668 3653
6147 3314
6148 2531
6149 1747
6150 6022
6151 42
8610 5957
5897 6051
4313 5838
3202 2937
5526 6690
6157 5434
9711 1435
4909 3436
6160 787
6161 5055
8089 3698
6163 6443
6164 117
6165 7004
5104 3029
9243 3682
6168 3478
2187 4064
2987 4628
6171 3540
7039 6949
5665 4996
6174 2029
6175 4432
6176 6522
6177 2058
2575 5256
6028 3319
2973 6888
7147 5215
91 1228
6183 2724
6184 2609
8305 2675
6186 7000
8044 6970
2185 2871
6189 2075
6190 4426
688 5073
6192 4635
6193 2623
6194 4561
3236 3638
4341 7143
4981 4138
3056 3466
2462 812
6200 6555
6201 6357
7754 147
6203 6207
819 4800
3387 6057
6206 3370
5171 5774
6208 1148
6209 6902
9086 1911
2772 1434
6212 5374
6213 6711
167 1745
6215 5678
6216 692
6217 5242
6218 6836
6219 2829
5122 6121
330 4103
6222 4771
6223 2563
4126 2358
6225 4306
2063 4456
6227 7185
6228 1346
6229 2413
7556 5693
7584 7057
2928 6724
6233 4207
6372 6347
6235 2969
6236 2993
6237 4031
6238 3795
6239 1460
6240 7002
6241 6288
6242 1911
6243 5027
2718 6672
8181 732
6246 4672
4528 3756
8134 1601
525 1929
6250 3990
6251 5295
6252 2268
3940 441
8919 4514
9667 468
4822 3192
1145 4355
3614 6449
9135 6534
2679 4697
6261 6382
6262 2525
6263 4848
4710 6462
3766 4606
6266 5581
6267 2494
7744 5694
6269 5210
6270 4910
1533 133
6272 6346
7760 2002
6274 503
6275 3560
7824 5527
5782 6382
8583 4590
4804 946
6280 6572
3440 2403
5449 2972
3101 7035
2664 1435
6285 6936
6286 865
2707 1077
8289 6884
6289 545
4061 2215
654 880
48 4962
8938 5965
2887 2337
6295 42
563 5659
6297 1226
6298 6476
6299 2223
6300 2198
1430 4600
6302 5744
6303 2768
6304 4289
974 2729
620 4636
6307 7059
6308 2045
3089 6699
6310 1108
1184 5761
6312 1522
7144 1555
6314 5781
114 3764
6316 3907
8028 7185
1232 4062
6319 2540
7866 5662
6321 4184
6322 4089
6323 2809
315 1034
6325 1083
4808 1991
2838 546
2483 6986
6329 1265
5360 6156
7291 6235
6332 4053
6333 7017
6334 6644
9670 3409
2599 2776
6337 5972
6338 5927
9052 2251
6340 5850
6341 6669
6342 72
4325 7015
2215 5043
6345 749
6346 6059
6347 6212
6348 5003
6349 7130
7684 5999
2811 198
3163 618
6353 5561
875 7061
6231 7057
6356 2657
6357 308
6358 2089
6359 3377
6360 6652
5330 2131
6362 3417
7791 2115
7266 3754
1193 2219
978 1528
3457 3513
6368 5925
6369 1558
6370 23
6371 3529
6234 6347
6511 4706
6374 2909
6375 2760
6376 6924
6377 1529
742 1926
4807 5296
179 1469
6381 4975
7501 4061
6383 2431
6384 417
7479 1076
4034 4395
2238 1039
6388 6138
3488 1132
2358 997
3428 821
6392 1982
6393 2058
6394 125
6817 3151
808 5916
2781 4519
6398 4610
943 3185
6400 4378
6401 3900
6402 6600
6403 3337
8690 4057
6405 1765
3011 6961
6407 1439
9014 105
6409 4957
4939 1
6411 5438
6412 1684
4621 2111
6414 4730
5432 907
2937 286
6011 3276
6418 1837
6419 3171
6420 4749
7765 3963
6422 396
6896 360
6424 2214
8341 2888
354 4749
6427 157
6428 1137
4072 4018
6430 5499
6431 298
4388 6845
6433 6979
4001 286
6435 3533
8051 7088
6437 5021
6438 1684
6439 596
8960 3485
6441 4737
8746 4640
6443 67
6444 161
6445 3145
6446 478
6447 6628
6448 3257
4355 889
4392 2063
6451 4851
9328 6090
713 4457
5437 2117
6455 6462
1297 6345
6457 6164
6458 3913
2623 3509
8160 724
6461 6208
6462 1994
6463 4305
6464 317
4109 4410
5136 4382
6467 4507
6468 7121
7082 3573
6470 1762
7356 4450
8803 1543
6473 5936
6474 4733
6475 3617
6476 3358
6696 750
6478 1152
4147 4280
6480 6074
6481 1465
6482 7090
6483 3057
3649 1924
6485 208
4029 5482
1691 2763
5275 3705
6489 1820
6490 6539
6491 1425
6492 69
5126 3050
6494 6059
6495 5947
6496 4815
9666 767
1588 548
6608 6870
7995 5601
2354 6007
1300 6949
6503 3193
8776 5157
6505 5964
5319 4705
6507 4515
8330 4749
6509 4167
6510 4518
4320 4706
7919 4493
7064 7079
6514 3227
6515 6735
6516 5048
572 6325
6518 1367
6519 1264
6520 203
6521 2497
4005 851
6523 1119
6524 2249
6525 4702
6593 2679
4451 5836
6528 2711
6529 1257
6530 1562
7928 173
8780 4118
6533 1168
6534 3241
6535 789
6536 3993
1644 886
678 3811
5468 6575
6540 4794
6541 2818
8550 128
6543 1057
5528 3460
6545 6380
6546 2900
1695 2156
6548 7159
6823 5902
6550 2319
6551 6985
6552 1103
9001 5976
9457 6544
7357 93
6556 1241
6557 1220
7483 5147
6559 3143
6560 1915
6561 5751
743 4270
6563 5177
6564 4010
6565 1421
9218 160
6567 6409
6568 5455
6569 7160
955 4448
4678 753
721 4994
6573 7209
6574 5975
6575 520
7925 6994
2463 5440
2534 3967
6579 1265
6580 6635
4582 1396
5655 5518
6583 4710
6584 4008
6585 4097
6586 2494
6587 549
6588 671
6589 4246
5423 2016
6591 4752
6757 5642
6526 2679
6594 4045
6595 1219
6596 6269
876 2623
3442 799
341 4651
7440 4214
6601 6761
6602 5339
6603 4838
951 2820
9246 5489
6606 5682
1736 7264
6499 6870
6609 3503
5796 348
6611 4183
6612 1400
6613 1611
6614 1647
4534 6151
6616 2166
5670 5472
2083 4249
6619 6102
1944 49
9541 1637
6622 4666
6623 497
6624 2680
6625 2632
4820 1430
6425 2888
6628 6178
6629 5566
8696 202
473 6755
6632 3820
6633 5958
8611 3575
9284 7210
4990 2283
6637 4265
5206 4543
6639 7215
7579 4586
6641 5828
6642 4430
1813 4622
6644 290
9013 3764
6646 4316
3344 2996
8335 2863
6649 3006
2471 3891
9643 3544
1631 3321
1399 2594
6654 5191
6655 902
8033 1177
6657 5491
2301 5034
6659 1669
6660 1473
2794 2664
6662 3097
6663 2509
6664 1510
6665 797
3536 4083
6667 3563
300 2468
6669 5864
4829 759
6671 1322
6672 3375
6673 1662
1148 4011
6675 1314
6750 7197
6677 4681
2241 3435
9011 5600
6680 2297
3618 4234
629 6475
8925 1074
6684 1833
873 3838
3506 7138
6687 5679
4799 5182
6689 663
7190 2118
2450 1987
6692 4164
7598 5322
6694 1035
6695 1904
6477 750
47 1285
6698 515
6699 684
6700 2034
6701 3059
6702 2128
6465 4410
6704 4851
6715 4229
6706 4908
6707 1501
6708 6016
6709 2419
6710 3691
4462 6268
3787 5202
6713 6458
6714 6683
6705 4229
7333 4616
6717 5586
725 5816
4210 3605
6720 7171
6721 6317
8707 1422
6723 6411
6724 5708
1341 3666
6726 4377
1879 7192
6728 2710
5299 620
8125 4116
6731 2035
8789 4484
6733 992
6734 1088
7008 5286
1726 6745
6737 6877
649 6092
3264 5129
3605 2869
6741 4951
6742 1259
7540 917
7263 1111
5950 4669
8932 4107
6747 5280
3955 1988
1165 2142
6676 7197
7870 3672
9383 2861
934 5995
6754 3166
1504 615
6756 6074
7753 5642
6758 6648
6759 7030
6760 2881
4605 3941
7325 5041
5723 7094
5543 6940
6079 5092
6860 1311
6767 2424
6768 2786
6769 1333
8986 5013
6771 3269
5014 927
6773 4084
1466 4741
41 60
6776 5841
6777 423
6778 5979
6779 3049
6780 2907
6781 6160
9234 5900
6783 6788
6131 3779
6785 6679
6786 3961
6787 6276
7694 5208
2165 3472
1496 4434
2043 3645
6792 627
6793 1628
8317 4199
7503 367
6796 4377
2487 6287
4460 2465
6799 1299
6800 5363
6801 6997
6802 5237
6803 4156
6804 2030
4274 3129
7161 388
6807 4459
6808 4784
6809 2373
6810 2209
6811 6865
6812 5917
4145 1932
6814 367
6815 387
6816 3774
7621 3151
3404 5378
6819 6143
7669 1080
6821 4641
9304 5579
6549 5902
6824 4084
6825 174
4180 1354
3802 2695
6828 621
6829 4111
6830 1440
6831 1898
1424 6254
6833 354
6834 1620
6835 4790
6836 5019
6837 5994
6838 3186
6839 1133
6840 3325
4676 1096
664 2309
6843 940
6844 4765
7883 2751
6846 6717
2059 4667
2593 4371
4796 5881
5189 62
7960 9
17 1392
6853 2710
6854 3059
6855 3729
6856 4589
9061 4638
4524 6074
9072 775
4405 1311
2143 1762
6862 1001
3697 4243
4301 1835
2458 3882
6866 7028
6867 4755
1065 5730
9081 6360
6870 4672
4260 3625
6872 3115
6873 6747
6874 4111
115 4698
3937 379
6877 7180
1789 5596
6879 4178
7466 6836
4493 5288
2231 387
6883 6984
8659 6609
6885 4847
828 908
6887 2798
6656 1177
6889 3689
6890 3640
5216 5255
2376 2277
6893 3390
6894 2963
6895 6429
7465 360
5982 83
9038 745
6899 2145
6900 3796
6901 4310
7068 4658
1676 6096
6904 3110
3883 2152
3361 2425
5253 6129
2817 97
8491 6098
6910 5632
2121 3455
983 3931
8351 2442
6914 1254
6915 1770
6916 4824
6917 1189
9002 5758
571 4685
6920 3274
2852 1016
6922 1210
3848 187
7946 2356
6925 1436
9307 5184
6927 2194
6928 1208
6929 3571
6930 1645
1174 5795
651 502
2407 6980
6220 6121
929 557
4181 2212
3324 1758
3769 357
6939 602
6940 3696
6941 1261
6942 6168
6943 2864
6944 842
6945 688
6946 2050
3595 6477
6948 3078
6949 2821
6950 2956
6951 3438
6952 7051
8287 5028
6954 1618
6955 7099
6956 5375
6957 5298
6958 1594
6959 2260
8251 2580
239 2970
7330 7052
6963 2409
6964 1467
4487 3738
6966 2216
6967 4301
6968 7003
3460 6960
6970 6535
6971 4535
8295 1724
6973 1140
4340 1259
6975 2304
7106 4324
6977 3995
6978 1875
6979 6469
6980 1506
2315 2498
6982 7213
6983 6634
3515 220
6985 312
6986 5624
6987 3753
6988 2760
4773 796
6990 3740
1939 4376
6992 2916
5056 7081
6994 5112
7089 2720
4297 4464
6997 5893
2871 1834
6999 3937
7113 6008
7001 1058
9093 4460
1393 5846
7004 5357
7005 6162
4027 6697
4398 3615
6735 5286
7009 1504
7010 2705
7011 5532
7012 5142
7013 2752
7014 4810
7015 3241
7016 3360
1021 4742
7018 1256
7019 4379
7020 5084
7021 4920
5 2630
7023 5660
7024 3940
7025 5294
7026 3136
8392 412
7194 7181
7029 1044
7030 7020
7031 4793
7032 5516
7033 171
7034 3963
7035 3232
7036 4433
9607 6781
7038 415
9587 6949
7040 6170
4148 4988
7042 5191
1528 5196
2159 3091
7045 1408
3855 4787
7047 6858
7048 2563
3611 724
8411 2206
7051 2320
7926 3604
3524 4401
9660 3124
4367 4721
1669 3790
7057 2162
362 7232
9432 3089
7957 3551
7061 1531
4969 1886
7063 6236
6513 7079
7065 4576
7066 488
7067 2913
7306 4658
7069 5716
9140 3130
7071 5189
7072 3292
7073 462
5094 6660
7075 7220
7978 3965
7077 499
7078 6595
9442 228
5659 4091
7081 6854
7860 3573
7083 2291
7084 4072
7085 4832
7086 2659
7087 4811
7088 324
6995 2720
7090 1140
7614 5393
7092 1032
7093 1569
7094 4557
7095 1564
7804 1365
3933 4367
2449 7104
2157 6956
7100 5257
7101 6434
9628 2416
1796 5365
9586 3986
7205 6447
6976 4324
7429 4928
7108 337
7109 2354
7110 4538
7111 1905
7112 534
7000 6008
7114 2148
7115 533
4056 5395
7135 5644
7118 6274
1958 4729
7120 6488
7121 699
7122 2230
6305 2729
7795 7198
7125 3186
7126 5168
2246 278
22 4496
6066 2582
2325 4560
874 2273
7132 1560
1842 3496
3740 4085
2826 5644
6112 5389
7137 6214
7138 3745
7139 2166
7140 134
7276 520
6133 3275
7143 940
6313 1555
7145 2244
7146 2666
6181 5215
7148 1050
7149 2229
7150 4744
7151 1165
7152 4396
7153 193
7154 1044
7155 6304
9634 1411
7157 795
3081 2154
7159 2186
7192 3025
6806 388
7162 2415
7163 4486
7164 5792
7165 1887
7166 4189
7711 6945
3557 5873
7262 6756
7170 2363
7171 1396
7172 3270
7173 2327
7174 4443
7175 2355
7176 2044
9191 1677
3737 2829
7179 2875
7180 4314
9182 381
67 6073
5190 5436
7184 4880
4484 528
1296 5568
7519 3841
2416 2263
1181 2163
6690 2118
4527 1231
7160 3025
7193 3261
2363 7181
7195 6219
9096 7156
3483 2749
6139 6560
1207 5680
3128 4624
7201 3619
7202 3529
7141 520
4293 2281
7105 6447
8913 1063
4094 3670
5174 4123
464 1858
3407 1336
2585 6326
7212 5763
186 1004
5035 2351
8480 3008
5461 3193
7217 5350
7218 2298
7219 2129
1603 6648
7221 5824
7222 2977
4631 5204
2850 1622
7225 1506
7226 4639
4841 1378
7228 3092
7229 5040
1167 3355
7231 5201
7232 7038
5505 3864
9679 1262
1122 4132
7236 7045
7237 140
7238 6223
7239 3097
5107 5921
7241 1308
367 2725
6076 1173
8105 5795
7245 2215
7246 1946
7247 2855
3623 5146
7249 5454
7250 3203
7251 3850
7252 6590
4828 6864
7254 4049
7255 1740
7256 1690
7257 1470
8926 1193
7259 1192
6738 6092
278 2926
1751 6756
2267 1111
7572 2748
7265 6887
6364 3754
3060 2476
7268 1086
7269 5937
7270 695
7271 4983
7813 2822
4759 2615
9373 6209
9422 4269
7203 520
7277 304
2995 1740
2565 3904
1550 5076
7281 1647
2555 5505
9288 3199
5309 762
7285 571
4055 3328
8293 1947
2562 5537
7289 6527
8779 3411
6331 6235
55 3634
4731 1492
7294 4049
7295 6040
8258 3368
7297 326
7298 3085
557 94
7300 1226
7301 6466
221 5733
7303 646
7304 3569
2374 3978
6902 4658
7307 2127
4149 4893
7309 2378
2309 1379
7311 7161
948 1393
1546 6036
4858 7106
4514 3311
7316 7052
7317 6229
7802 4918
7319 2117
7320 2636
7321 3658
7322 2527
7323 1809
5066 6368
6762 5041
7326 3222
7945 6784
7328 1616
7329 2101
6962 7052
574 2294
7332 6306
6716 4616
7334 6520
895 4770
7336 828
7337 4820
751 4416
7469 4072
7340 6012
3458 1922
3103 3983
5368 4632
7344 5573
7345 962
7346 6159
7347 4182
7348 6563
6681 4234
1999 29
8790 5880
884 3246
5145 4267
2393 3357
7355 6195
6471 4450
6555 93
6861 1762
7359 2894
7360 871
7361 4164
4777 114
1419 476
7364 1433
6109 5071
1526 3041
7367 4435
1311 7152
7369 5803
7370 924
7371 6066
7372 6948
7373 6228
7374 1693
6991 4376
180 7225
7377 6700
3845 89
7379 2893
7676 3200
8017 8
8884 5637
3104 6592
7384 2855
5416 6962
7386 5704
7387 2741
1912 5590
1134 4216
7390 6278
7391 6394
5090 4989
7393 6959
3938 69
7395 5592
7396 471
5925 3739
2447 544
7399 1310
7400 6042
7401 5248
7994 6155
7403 3427
7404 3264
7405 4908
7406 147
4910 3253
7408 221
2104 573
8176 6314
7750 205
5448 4279
7413 242
7414 5273
7675 835
5671 6467
1178 1060
5062 816
7419 2987
7420 6944
9362 2476
3655 1063
5347 2090
3273 84
7425 1342
5589 2056
7427 4602
7428 1472
7107 4928
7430 6872
9577 4342
7432 1545
7433 4845
3049 209
7958 4518
7436 4352
7437 3286
9024 6366
8320 5234
6600 4214
3947 3296
7890 2770
7443 6581
7198 6560
7445 1894
7446 6556
7447 5508
4217 2323
9491 2735
7450 1502
7451 6570
7452 1981
3213 5205
5681 2819
7136 5389
7456 426
4150 4540
7458 4841
1793 6727
7460 6651
9552 6385
7462 3969
6014 3038
7464 3490
6423 360
2189 6836
8965 5908
7468 6474
7339 4072
7470 1832
7471 6077
1804 3887
7473 5822
7474 5187
5935 2408
7476 2515
7477 932
7478 5229
6385 1076
7480 547
1003 4601
7482 915
1316 5147
7484 1321
7485 3128
7486 2854
1445 742
7488 3995
7489 525
7490 3334
7491 308
7492 1014
7493 6608
7494 3331
7495 358
7496 583
7497 6843
24 4633
7499 455
5017 79
6382 4061
7502 4695
6795 367
7504 6461
7505 4237
7506 944
5141 5428
8174 2463
7509 3134
7510 3322
3321 4750
7512 5240
7513 1994
7514 3264
7515 932
3008 2807
7517 1083
7518 5768
7187 3841
7520 4182
7521 6981
7522 5237
2813 2814
7524 1027
7525 290
7526 685
7527 1356
7528 13
3017 4315
355 6190
5831 5917
3087 4795
7533 4493
3495 6317
4573 4961
7536 4713
8286 2102
8453 3734
1908 1885
6743 917
7541 972
7542 4332
4104 2247
5958 3512
3489 3487
1735 6673
7547 76
7548 1942
8504 3503
4625 340
4543 2595
9216 1004
7553 4411
7554 4668
7555 7198
4000 5693
3764 3987
7558 1224
7559 6485
7560 2526
7561 1495
7562 5554
7563 936
1285 3077
8843 2545
1927 3344
3785 729
7568 303
3971 1132
3415 1642
7571 1927
8564 2748
7573 3175
7574 6995
7575 5818
7576 1066
7577 2288
7578 5490
6640 4586
2721 5152
7581 3957
7582 4210
7583 2793
6355 7057
712 6911
2592 3879
7587 4869
8788 7035
7589 6415
7590 2418
7591 3947
7592 454
7593 4012
7594 644
7595 5591
7596 3634
7597 2856
6693 5322
7599 722
7600 2249
7601 1907
1380 2716
7603 4620
7604 1456
7605 5852
6080 313
3604 5405
7608 3066
5245 4675
7610 3920
6049 3861
7612 4324
7613 5893
7091 5393
3849 3425
412 1457
7617 6924
7618 7245
6278 4590
6245 732
6395 3151
7622 3679
7623 704
7624 3912
9207 4475
1059 283
2784 5114
7628 5957
7629 1718
428 6419
4962 798
7632 6794
3626 1355
9556 2991
7635 6026
5604 2302
7637 4856
7638 4555
3775 5726
7640 6503
7641 2066
7642 610
7643 1859
7644 3114
3416 2360
9131 3916
7647 3433
7648 7249
7649 3346
7650 1566
7651 3785
7652 5784
1992 6549
7654 5673
7655 2268
7656 1834
7657 2025
9293 5634
4187 1449
7660 7075
7661 7255
7662 1460
7663 4549
2869 276
7665 2805
5798 1820
7667 2743
4936 676
6820 1080
5600 600
7671 4929
7672 6055
4033 1282
7674 2284
7415 835
7380 3200
785 1780
7678 6663
7679 6735
7680 5071
530 2811
7682 2672
7683 3987
6350 5999
7685 986
7686 3840
7687 149
7688 1746
7689 2137
7690 2523
7691 6064
7692 6484
1374 1216
6788 5208
9390 859
7696 2821
7697 5697
7698 2234
4689 5206
7700 5685
7701 1528
7702 5467
3745 5258
9625 1309
7705 6868
1098 6684
3243 508
9229 3032
7709 747
1660 850
7167 6945
7712 1395
7713 5014
2569 1939
7715 2728
3747 6305
7717 1693
7718 7209
2268 6882
7720 7054
7721 6069
4862 6620
3198 5310
2651 3315
7725 3643
2163 268
1365 5106
1301 1503
7729 4559
7873 4472
7731 3206
7732 1575
7733 2345
5471 2110
6905 2152
7736 4072
7737 3385
7738 720
7739 281
7740 4716
8244 6104
7742 6106
6260 4697
6268 5694
7745 5246
7746 1409
7747 1233
7748 4574
7749 1770
7411 205
7751 5795
7752 3563
6592 5642
6202 147
7755 3179
7756 5386
883 2015
7758 1919
7759 4671
6273 2002
8530 1196
3093 1716
4178 6885
7764 1801
6421 3963
7766 5267
7767 4759
7768 448
7769 5904
7770 2858
7771 5087
7772 4553
7773 91
9314 989
4738 3928
6056 865
2445 3103
7778 4311
822 45
1570 3366
4004 5245
7782 1845
8605 5285
7784 3067
7785 934
7786 1668
7787 3058
8930 1164
7789 5522
7790 5249
6363 2115
7792 5891
7793 2284
7794 6978
7124 7198
7796 4759
3266 3617
7798 4431
7799 2626
7800 2982
30 5447
7318 4918
7803 119
7096 1365
3822 1976
7806 1880
7807 4781
7808 2291
7809 4575
7810 2451
7811 2976
7812 3347
7272 2822
8024 5393
3421 3624
7816 1154
7817 2120
7818 5119
7819 1122
7820 4200
7821 6543
4391 6555
7823 1257
1800 5527
5789 1582
7826 1533
7827 4298
7828 1205
7829 4081
2743 2363
1055 3352
7832 869
7833 6618
5079 4569
7835 3932
7836 6994
7837 3515
7838 1045
7839 1773
7840 1434
7841 2270
7842 543
3684 829
7844 6399
7845 2089
7846 6148
52 3252
7848 2391
7849 6594
8729 4292
7851 2562
7852 747
7853 5239
7302 5733
7855 3211
2964 6742
3252 2544
7858 1456
7859 568
6469 3573
5787 3720
7862 3249
7863 5944
7864 1492
7865 4189
6320 5662
7867 3283
7868 1764
3224 6608
5338 3672
7871 666
7177 1677
7730 4472
7874 14
7875 5367
7876 3831
3806 6310
7878 1204
7879 1374
7880 145
7881 432
7882 4651
6845 2751
7884 7131
7885 5045
8488 5621
7887 7091
1018 3059
7889 4288
7442 2770
7891 3353
5121 3365
8109 1676
7894 5519
7895 6762
7896 4754
7897 761
7898 3158
2314 3519
661 3770
7901 1989
438 1225
7903 2848
7904 861
7905 631
1295 1648
3373 5847
2509 5047
7909 4924
7910 1081
7911 4590
7912 1621
7913 2375
5463 5138
7915 3211
7916 2977
7917 5745
8934 3981
6512 4493
7920 1980
1987 6630
7922 3342
7923 5352
4492 3431
6576 6994
7052 3604
7927 1927
3584 173
7929 6824
9179 6234
4134 785
7932 4461
7933 4365
4762 1986
3539 3853
5547 1733
7937 6729
6102 6757
9134 7264
9702 3606
7941 7050
1684 3102
4369 4954
9176 3010
101 6784
4420 2356
7947 1623
8867 5095
8559 6779
7950 7076
6752 2861
7952 4404
7953 480
7954 3243
7955 4059
1222 3809
7060 3551
7435 4518
7959 206
2978 9
4327 2078
7962 4481
3739 5385
2000 3053
3051 752
3734 434
7967 3167
582 7222
7969 4852
1287 2967
7971 5780
7972 3553
7973 1779
7974 5159
7448 2323
4819 4185
7977 2344
7076 3965
5725 2257
1803 3079
3406 6917
7982 2012
2779 7100
2481 1097
1775 7143
7986 1115
7987 6800
7988 6871
8677 2180
5542 2557
2629 6238
7992 4517
7993 4637
7402 6155
6500 5601
6460 724
8338 2265
7998 1305
1832 1643
9610 5046
8001 5732
9504 3837
5883 6494
5405 564
8005 1466
7966 434
8007 2364
8008 5757
747 2777
8010 6913
8011 3138
9164 6112
8013 2028
8896 6370
9567 2448
8016 1435
2993 8
8018 5133
8019 6083
8211 1928
4068 2435
8022 1973
8023 542
7814 5393
5638 1938
8026 2925
8027 5329
6317 7185
3067 2383
8030 4134
8031 1361
8032 5797
842 1177
9398 5770
8035 3081
8036 2440
4707 7092
398 1666
2902 1638
5900 1585
3640 3153
5361 1735
8043 5722
6187 6970
488 5930
8046 3677
8047 6810
699 211
8049 3938
8050 5931
9421 7088
2061 61
761 3791
8054 2837
8055 675
459 2610
8057 5392
2096 6639
8059 724
8060 4030
8061 5653
8062 5882
8063 1067
8064 4816
8065 2706
8066 2173
6919 4685
8068 6249
3162 1143
8070 3297
1599 2559
1236 2652
127 6397
8074 4068
4389 4821
2349 5877
8077 832
8078 233
8079 1089
8080 4509
8081 2661
8082 3137
8083 4349
4827 3511
8085 3620
8086 448
2513 6132
9228 3165
6162 3698
5770 2821
9381 39
8092 1174
2946 4545
8094 5810
8095 3798
8096 1661
8097 6677
8098 6189
8099 5907
8100 1712
8101 3725
8102 6703
8103 910
9054 3895
6931 5795
9542 6570
8107 1746
8108 963
7893 1676
8110 4906
5771 442
8112 6695
8113 3112
8114 1633
4940 3761
8116 3817
8117 6394
8118 1017
38 2536
8120 5988
8121 4184
5301 1737
6599 4651
8124 6944
2546 4116
8126 6846
8127 431
5573 7139
8129 1431
8130 2441
8131 4298
5033 2866
5586 7093
6248 1601
8135 760
8136 1866
8137 1002
4382 5462
9185 6086
8140 5579
8141 5095
251 2958
8143 3524
8962 99
7989 2180
8146 6290
8147 6567
8148 1165
8149 2335
8150 2206
1359 6146
5590 4040
5234 371
8234 2216
8155 1134
8156 3015
6156 6690
4338 4346
8159 874
7049 724
8161 1255
8162 4200
3251 2994
8164 2585
8165 4340
2457 4858
8167 4993
5342 626
8169 4729
296 7044
3566 5318
8172 3341
8173 1376
7508 2463
8175 3608
7410 6314
8177 4327
8178 6346
8179 3449
8180 2236
7620 732
1659 3029
8183 7175
8184 3263
8185 4058
8186 873
8187 3808
4223 4867
8189 6793
8190 4512
5430 3937
9212 1827
8193 5016
8194 3590
8195 1350
9598 234
320 3393
8198 2471
8199 5731
8200 3994
5514 3899
8202 3862
8203 3289
8204 1035
8205 4953
8717 3881
8207 2590
8208 2007
8920 5878
4757 6336
8020 1928
8212 3419
8213 3952
3337 6816
8215 6998
8216 4526
8217 3747
8218 3073
8219 4008
4928 3464
8221 1593
8222 3499
8223 5065
4113 5024
8225 1996
8226 1111
8227 1351
8228 5025
3303 3229
8230 2755
2430 5845
1205 5051
9425 4582
8154 2216
8235 6691
8236 3621
8237 887
8238 727
5931 3651
8240 5363
9019 6872
2468 3696
3902 7168
5556 6104
8245 3226
5261 3005
8247 4682
8248 455
8249 1011
8988 5619
6960 2580
5132 1685
5594 3395
8490 6130
4208 3876
8256 2628
1586 4625
7296 3368
8259 1237
8260 4854
4755 239
8262 3657
5733 1586
8264 1920
490 3769
8266 1212
8267 3917
8268 1838
8269 1211
85 3040
8271 4063
1261 485
2733 1699
8274 2271
8275 1168
8276 3164
2174 6746
8278 2367
6034 622
8280 4746
8281 7058
8282 892
8283 6546
8284 6614
8285 518
7537 2102
6953 5028
4253 636
6288 6884
8290 4365
8291 3699
8292 4499
7287 1947
6091 1284
6972 1724
3952 3371
8297 1730
6790 4434
2081 401
8300 2560
8301 1069
1259 3005
8303 6702
8304 1753
9597 2675
8306 6216
3174 6212
3633 1576
8309 2561
8310 737
5873 3608
2160 255
8313 3429
8314 3090
9340 714
8316 1295
6794 4199
4125 6562
4103 1790
7439 5234
2894 1492
8322 7175
1067 4082
7861 3720
8325 2164
8890 7167
8327 3287
8328 183
8329 3297
6426 4749
8331 3771
8332 5433
8333 237
8334 979
4885 2863
8336 5372
8727 6246
7997 2265
252 1075
7099 6956
6627 2888
8342 2454
3738 4354
8344 6147
8345 6126
8346 6237
8347 1952
8348 6075
4511 3842
8350 6451
6913 2442
8352 3942
8353 3007
8354 4658
8355 7135
8356 6482
8357 2248
1583 904
4857 4776
481 1144
8361 7125
8362 6803
8363 2218
3023 332
8365 585
8366 4582
8367 4388
8368 7186
8369 5963
8370 4981
8371 5094
8372 991
8373 639
8374 3058
8375 107
8376 4839
8377 7038
989 882
8379 738
6450 2063
8381 320
2346 6863
8383 6176
8384 69
4791 1332
8386 4764
8387 673
8388 489
8389 4762
2864 103
6010 4561
2345 412
8393 5948
8394 6811
8395 3194
8831 848
8397 1613
8398 6787
8399 2257
8400 5748
1274 6219
8402 3156
8403 677
1286 5235
8405 5993
8406 6201
8407 254
850 3014
8409 5541
3291 3028
7050 2206
8412 6370
3481 1278
8414 4437
8415 5986
8416 2887
8417 2704
8418 1331
8419 5576
8420 4614
8421 5780
274 5771
4953 1705
8424 80
4668 1357
8426 1703
1671 1123
8428 5292
8429 4620
9689 5451
996 2450
8432 364
8433 4692
8434 406
8435 2842
8436 6320
1343 6038
939 6740
8439 6675
8440 3708
8441 1457
2441 2305
634 3719
7046 4787
8445 7138
3514 3333
2890 6049
8448 3613
8449 7258
8450 2697
6012 5890
3708 5631
7538 3734
8454 1598
8455 2092
8456 4020
8457 2910
8458 101
3682 6667
8460 326
1475 4144
972 3574
8463 3214
3951 6693
8465 809
8466 2624
8467 2880
9158 3023
8469 992
8470 5406
715 3268
5757 4412
71 1055
8474 2727
8475 5921
8476 4665
9428 5126
8478 2324
8479 78
1759 3008
8481 5213
8482 37
8483 2565
8484 2083
8485 444
2452 1750
8487 1962
7886 5621
8489 7109
8254 6130
6909 6098
8492 5463
8493 2771
8494 7032
8495 1341
4957 3002
8497 3513
8498 6204
8499 3405
8500 6803
8501 4677
1913 6745
8503 4617
7549 3503
2054 3048
8506 3969
8507 4480
2953 5096
5418 5857
8510 1483
8511 5402
8512 7008
8513 3449
8514 368
8515 4970
5795 1563
8517 4347
8518 6381
8519 5875
575 878
4566 5558
8522 7064
8523 4935
8524 3589
1347 4900
135 6081
3953 1891
4458 6596
8529 7019
2798 1196
8531 5025
8532 6446
8533 5287
1379 6116
2682 2905
8536 6499
8537 7268
8538 5965
8539 3248
8540 6483
8541 5913
8542 3211
2907 3341
8544 1346
8545 1749
8546 5601
8547 1390
8548 6765
8549 5156
6542 128
1227 1573
8552 5317
9251 481
3901 752
8555 6613
5020 5216
157 6012
8558 3789
7949 6779
8560 3021
8561 6692
8562 2843
8563 5875
7264 2748
8565 1898
1121 5437
3560 419
8568 5920
8569 5925
8570 335
8571 2277
8572 2939
5932 890
8574 2558
2029 3564
8576 6976
4249 6760
1902 5466
1072 640
3188 2179
155 1709
8582 3744
7619 4590
8584 1268
123 459
7936 1733
8587 2093
441 537
4422 4819
8728 5049
8591 6970
9015 5692
8593 3908
2975 3804
8595 4320
8596 3637
8597 6686
1990 4724
1580 7055
8600 6508
8601 4562
8602 3108
8603 40
8604 4322
1722 5285
8606 1977
8607 1720
4626 6896
3928 4468
6152 5957
8740 3575
2048 4108
8613 240
4344 6554
4850 1634
5853 4063
8617 4134
390 4441
8619 640
8620 1244
3645 5806
4477 973
8041 3153
6123 1567
3617 135
554 5909
8627 5530
8628 1492
6864 1835
3039 4919
4800 637
9612 3707
5893 2011
7822 6555
5220 4987
8636 4862
8647 5608
8638 106
5640 4587
8640 5434
8641 1560
8224 5024
8643 730
1112 26
1741 4245
8646 1553
8637 5608
2300 7146
8649 354
8650 6957
8651 1670
8652 1783
8653 7148
8654 4463
4404 6326
8656 6158
9186 1263
1499 4526
6884 6609
8660 2651
9516 2295
8662 4830
8663 4644
8664 2859
5422 1611
8953 4088
8667 4710
6146 3653
8669 873
8670 7010
9315 1414
8672 7016
8673 7263
8674 5057
8675 2262
2957 1180
8145 2180
5494 6440
9564 2734
8680 7039
6410 1
8682 4788
8683 1887
9537 3930
8694 2436
746 5090
8687 1526
8688 999
5602 4178
3996 4057
3758 6200
8692 4014
5922 4439
8685 2436
8695 1087
6630 202
8697 4043
8698 6568
8699 3043
8700 4735
6154 5838
8702 1916
5684 3627
2188 4436
8705 5320
2874 6500
3538 1422
8708 5226
504 6379
2446 2254
2297 4005
650 2411
8713 2704
8714 78
596 2522
8716 2532
8206 3881
8718 3918
8719 5257
8720 1347
8721 318
8722 1851
8723 2585
8724 3964
8725 3123
8726 1958
335 6246
8590 5049
5004 4292
5797 5401
8731 314
8732 482
8733 2508
8734 3286
8735 7114
8736 4911
3979 612
8738 5403
5746 6100
6634 3575
8741 3095
8742 5997
8743 5858
8744 4521
4682 4890
6442 4640
8747 548
8748 697
2598 2139
8750 2009
8751 6777
8752 5707
8753 6311
8754 5385
1104 3225
8294 1284
8757 2588
8758 6718
8759 3352
674 1369
1618 3520
1909 6157
8763 4414
3814 6673
8765 6582
5008 5668
1762 2048
8768 2230
8769 6878
4498 7237
8771 5062
8772 5939
8250 5619
8774 2881
8775 5864
6504 5157
8777 2141
8778 1940
7290 3411
4250 4118
3551 3823
8782 3765
4614 5075
6378 1926
8785 5192
8786 5781
9609 3313
7588 7035
6732 4484
3725 5880
8791 4507
8792 544
8793 6283
2362 306
8795 4903
2091 5843
8797 1061
8798 2432
1788 6459
8800 6164
8801 6020
8802 5911
4875 1543
5811 2390
8045 5930
8806 3984
7127 278
8808 2277
8809 3687
8810 2537
8811 6915
8812 1179
3750 708
8814 4603
8444 4787
8816 2304
4806 4357
790 4925
2550 1774
8820 1854
8821 39
8822 5410
83 1379
8824 7103
2072 2579
8826 6519
8827 7196
3676 4731
5645 1319
3386 6918
8396 848
3143 52
8360 1144
4786 6989
8835 2043
733 6979
1342 4926
8838 7199
9549 2786
8840 3886
2997 7173
8842 5943
7565 2545
9098 2147
8845 995
8846 2674
8847 895
5257 4238
8849 254
8850 4292
8851 494
8852 1009
9663 437
1251 2616
8855 5505
4699 1709
9471 5586
8858 3880
8859 1243
8860 5648
5744 1688
8862 4033
8863 1949
7104 3986
8865 5896
8866 2941
3459 5095
8868 3043
8869 5935
9551 1339
8871 5259
8872 593
8873 5288
8874 5448
8875 5630
961 4966
8877 2449
4798 1838
8879 1970
8880 5799
8881 5234
8882 3182
8883 7266
7382 5637
9454 1015
5706 2940
8887 2682
248 4901
4007 4907
9094 7167
8891 2199
8892 1122
4630 915
8894 1167
5396 4979
4003 6370
8897 5023
8898 2074
8899 5319
8900 5103
2636 2019
8902 3546
8903 3897
8904 1796
8905 1098
515 2765
8907 5975
8908 4813
8909 4680
8910 5256
1757 1984
8912 2306
7422 1063
2630 2667
8915 2865
3292 4210
8917 6672
8918 4044
6254 4514
8209 5878
7043 5196
8922 5834
8923 174
8924 3202
6683 1074
7258 1193
6652 3321
8928 7257
8929 391
7788 1164
1102 686
6746 4107
8933 3118
7918 3981
8935 1235
8936 4349
923 5067
6293 5965
8939 3730
1860 6875
4489 2812
8942 1276
8943 2322
1447 1097
8945 1828
8946 482
9582 5270
8948 6834
8949 4412
8950 3438
4469 4253
8952 1265
8666 4088
1213 6553
4934 3470
8956 4318
8957 3142
4897 755
8959 4207
6440 3485
8961 772
8144 99
6878 5596
8964 4177
1728 5908
8966 4384
4385 815
8968 7124
8969 3983
2261 6901
8971 2197
8972 691
8973 4198
8974 4299
8975 3839
6114 7163
9295 5906
1495 5321
8979 2
8980 957
8981 4412
8982 6513
8983 6857
8984 1305
4958 4743
6770 5013
8987 148
9505 5619
8989 370
5116 3685
2041 2121
8992 1883
8993 5335
8994 4816
4078 4111
8996 3909
8997 2087
8998 6968
8999 2506
8535 2905
6553 5976
6918 5758
9003 282
4581 169
9005 4007
9006 4369
5391 1727
1436 6512
9009 2738
9010 4992
6679 5600
1515 3901
6645 3764
5032 105
8592 5692
9639 5454
9017 3554
9018 4976
8241 6872
9020 1906
9021 2745
9022 6033
9023 2946
7438 6366
9025 6969
9026 3415
9027 567
405 154
9029 6178
9030 6276
9031 4931
9032 4445
9033 4536
458 4980
9431 1776
3419 3781
2136 830
6898 745
9039 6365
9040 6371
9041 4949
9042 2185
4470 3810
9044 6281
4280 5552
9046 3757
9047 579
9048 5502
9049 351
9050 2655
9051 4122
6339 2251
9053 6947
8104 3895
9055 4078
207 6583
9057 4992
1467 7086
9059 4032
9060 6144
2915 4638
9062 4718
9063 1248
9064 5390
9065 4855
5804 4364
5985 3039
1407 2990
9069 6278
9070 4300
9071 2162
4444 775
9073 385
9074 4797
695 354
9076 1912
4608 6586
8257 4625
9079 4896
9080 2751
6869 6360
9082 1138
9083 2908
9084 7037
9085 7038
6210 1911
9087 4505
185 1721
9089 4956
9090 3838
3773 473
9092 955
7002 4460
8326 7167
9095 1218
1191 7156
3616 4339
8844 2147
9099 2080
9100 2116
916 6844
4872 1403
9103 1200
9104 3945
4842 5070
4179 1815
9115 5120
9108 3195
9109 487
9110 3427
9111 5452
5163 5288
9113 2829
9114 5355
9107 5120
9116 3090
9117 2333
9118 1695
3354 5190
1015 1517
9121 2669
9122 1026
9123 7014
9124 1350
3666 3112
9126 4529
9127 4507
9128 4978
9129 585
3950 2904
7646 3916
9132 3827
9133 19
6607 7264
4994 6534
9136 1643
227 4498
9138 48
9139 7122
7070 3130
820 5759
9142 1221
3470 4411
9144 3865
1823 6224
9146 6089
1937 5676
3467 5232
9149 855
9150 3922
9151 1043
9152 2006
9153 2227
9154 72
2818 4669
9156 5584
569 2502
8468 3023
9159 4337
9160 2995
9161 3207
9162 5786
5596 3521
8012 6112
9165 5288
5314 460
9167 4428
4825 2560
9169 166
9170 2827
9171 7183
9172 1513
9173 6966
9174 6853
9175 6623
7944 3010
9177 2426
9178 1583
7930 6234
645 6957
4357 2094
1337 381
133 2681
3563 3635
8139 6086
8657 1263
9187 5145
2167 2099
9189 3995
9190 6152
7872 1677
3002 3389
9193 2571
2390 6376
9195 2440
9515 6353
9197 7224
4153 5994
9199 6656
9200 433
9201 4974
9202 4301
9203 7192
9204 649
9205 592
9206 3933
7625 4475
9208 6811
9209 5028
9210 6402
9211 4733
3317 1827
9213 2810
9214 6897
9215 4467
7213 1004
9217 2566
6566 160
9219 100
5340 1935
9221 6344
5651 281
9223 4017
9224 1909
7693 1216
559 3793
9227 2348
1846 3165
7708 3032
9230 3491
9231 6127
9232 2797
4834 4348
4051 5900
5539 2560
7240 5921
6294 2337
9238 2329
9239 1100
9240 3574
5221 173
9242 5101
9710 3682
9244 528
9245 4665
6605 5489
9247 639
9248 2028
9249 5507
3582 6416
1357 481
4202 2026
5487 2731
9254 2567
9255 1105
5808 1298
1060 1908
9258 1334
9259 4826
1948 4833
1881 1440
9262 5485
9263 1064
9264 2684
9265 3796
9266 5598
9267 4537
9268 1794
9269 6050
2200 175
9271 2036
9272 2566
9273 1761
3531 7141
7532 4795
9276 4727
1773 2838
9278 1353
5022 3550
9280 3881
9281 2018
5406 3964
5081 1423
6635 7210
9285 6298
1642 5514
4606 4289
7283 3199
4411 6210
9290 1102
9291 3210
4932 6507
7658 5634
9294 5492
8977 5906
2911 2979
1058 3158
9298 1264
9299 2348
9300 5228
9301 5832
9302 92
4771 3213
6822 5579
9305 5314
9306 3338
6926 5184
5204 3875
9309 1508
8848 4238
6459 3509
9312 3903
6104 397
7774 989
8671 1414
6018 1451
9317 6843
9318 5185
9319 154
8302 3005
9321 6801
3037 891
2190 244
9324 33
9325 72
9326 6205
9327 5056
2908 6090
9329 4549
9330 1494
9331 2904
9332 3288
9333 3663
684 3422
9335 5394
9336 4327
1936 2289
9338 5193
9339 2174
8315 714
9341 6511
9342 6669
9343 2095
9344 6632
9345 4146
1984 4760
9347 2422
9348 522
220 6704
9350 5492
5644 841
9352 5658
9353 6454
1258 218
9355 3038
9356 3443
9357 485
9358 4544
9359 3991
9360 1327
5392 6437
7421 2476
9363 7258
9364 72
9365 3576
9366 2919
6886 908
9368 6167
9620 3240
9370 1735
9371 6457
9372 3009
1175 6209
9374 4688
9375 6141
4968 3971
3116 2900
9378 1892
5895 1745
9380 701
8091 39
9382 2164
7951 2861
5618 6702
9385 6768
2827 2945
9387 3157
4539 1003
9389 607
7695 859
9391 5089
9392 5167
9393 4176
9394 1739
9395 4420
9396 3177
9397 3452
8034 5770
4410 6377
9400 385
9401 4896
9402 3448
9403 367
9404 3230
1037 4778
9183 2681
9407 3760
7274 6209
1918 4645
9490 2700
9411 2850
8632 3707
2460 2351
9495 871
9415 50
5048 2235
9417 5979
9418 6045
9419 167
9420 2451
6436 7088
7275 4269
552 2814
3192 5942
8233 4582
9426 1524
9427 5334
8477 5126
2127 1397
9430 5851
2980 1776
7059 3089
9433 4956
3360 961
1760 5887
9436 5050
6207 5774
4784 461
9439 2764
9440 7045
9441 435
7079 228
9520 2736
9444 4686
159 1715
9446 5175
3187 4751
9448 4930
9449 428
9450 3198
9451 3859
9452 2126
9453 2358
8885 1015
9455 819
9456 5387
6554 6544
9458 347
9459 531
4792 6930
8817 4357
5742 2161
9463 4923
9464 2370
9465 5910
9466 5143
9467 6771
9468 6666
4508 847
9470 2922
8857 5586
9472 5198
3172 6115
4891 1085
9475 4509
9476 1384
9477 1784
9478 2960
9479 411
9480 3104
5108 899
9482 2733
9483 3009
9484 2274
9548 2715
9486 4630
752 6496
8385 1332
4916 3022
9410 2700
7449 2735
9492 4032
9493 5825
4843 931
9414 871
9496 4422
392 4888
131 1117
9589 700
2853 3660
9501 4466
9502 4839
9503 4283
8002 3837
8773 5619
9506 5230
9507 4420
9508 799
9509 840
9510 7064
2505 6315
9512 1230
3327 4841
9514 7066
4215 6353
8661 2295
9517 1992
950 3205
5077 1955
3156 2736
9521 2607
9522 4282
472 1596
9524 576
9525 7186
1840 283
9527 5491
9528 2859
1230 6574
9530 5245
9531 1728
9532 2206
1123 4692
9534 2170
9535 2089
9536 2172
8684 3930
920 3071
9539 1149
298 1405
6621 1637
8106 6570
9543 2458
9544 5364
9545 1655
9546 1042
9547 6987
1797 2715
8839 2786
9550 3187
921 1339
7461 6385
9553 3885
9554 5687
9555 5378
7634 2991
5284 3704
7459 6727
9559 5742
9560 5883
9561 3543
9413 2351
1509 913
8679 2734
9565 4560
4183 6168
8015 2448
9568 453
9569 1297
9570 3173
6984 220
9572 2182
9573 4201
9574 1861
2834 3425
9576 1484
7431 4342
9578 1232
9579 2519
9580 124
9581 4960
2560 5270
9583 5262
9584 2782
9585 1900
8864 3986
6172 6949
9588 3483
2436 700
9590 3389
9591 2854
2690 945
1812 3547
9594 938
4856 5861
9596 1772
452 2675
8196 234
9599 334
730 4762
9664 5304
9602 1197
5294 3061
9604 4568
9605 3787
577 7203
7037 6781
4686 2318
8787 3313
8000 5046
9611 2596
5610 3707
80 5092
9614 4466
1179 3395
9616 3432
5456 5244
9618 2124
9619 5771
9369 3240
9621 4899
9622 5750
9623 3453
9624 4168
7704 1309
9626 1919
9627 4606
7102 2416
9629 1153
156 4196
9631 3962
9632 7226
4170 1347
4720 1411
9635 3088
9636 567
9637 6408
9638 3236
5323 5454
1931 6187
4172 4868
9642 5721
6651 3544
8633 2011
9645 2904
9646 3700
9647 4213
1637 3012
9649 6088
9650 6490
5225 2376
9652 6701
9653 5480
9654 6722
9655 1763
9656 662
9657 551
9658 4032
9659 966
7054 3124
7724 3315
9662 6286
8853 437
9601 5304
9665 3833
6497 767
6255 468
9668 5171
9669 853
668 3409
9671 3595
9672 4095
2778 3854
9674 6942
9675 6751
9676 6541
9677 7255
9416 2235
7234 1262
7022 2630
9681 6552
4279 6071
6487 2763
9684 4794
5836 6149
9686 3473
9687 55
9688 434
8430 5451
9690 2652
8516 1563
9692 4319
9693 2060
9694 3176
9695 3550
3500 3982
9697 2495
9698 3148
408 3442
268 3599
3094 3094
7940 3606
9703 7031
2265 1910
9705 2660
9706 3825
5646 2334
9708 3563
9709 5423
6167 3682
6158 1435
