8979 1806
8032 1627
3151 836
2219 1755
4300 764
5285 1442
916 418
4581 1062
907 1319
3811 780
7944 57
642 1156
7702 1083
2923 1274
14 1552
3877 628
16 1417
17 1118
1886 1576
3366 1302
6146 577
2455 1536
3579 96
2198 18
6352 967
132 1373
8651 887
27 1398
6094 1299
5484 977
6028 231
8463 859
6663 367
3927 170
1653 890
35 936
1711 169
7986 1375
6787 1771
3643 1261
4713 1654
1033 915
1100 1781
6487 602
1563 745
5903 857
8377 1022
8699 373
48 405
2440 356
4902 685
3168 225
2420 1653
4637 986
1041 445
55 256
56 1552
7896 1732
58 1735
59 1629
401 1232
7159 1157
5715 229
6620 1389
64 925
6881 478
66 1163
6512 53
68 1290
160 1099
70 1194
8382 391
6777 1089
2903 1002
8546 1240
3406 1748
5369 1277
3153 1296
127 1342
79 835
3841 1017
81 1052
1361 119
5916 1159
84 1095
85 1138
86 1288
87 1775
3970 639
5862 378
1231 1794
91 1256
92 1610
6480 1482
94 15
6214 107
4411 891
8115 1067
6440 477
5691 1225
100 1767
101 1084
5800 1599
2107 1341
63 1389
2703 224
7075 1440
3547 1478
7341 705
109 1473
8701 606
7290 1594
229 464
1919 1472
3812 1230
3167 363
116 1614
4249 305
5503 1299
2463 1329
5864 1491
121 843
6053 1474
903 705
124 378
6624 1485
520 252
3756 1342
6019 682
5188 1758
4170 27
8809 289
8825 1373
133 405
2442 312
4569 1021
2417 919
5775 892
7906 1678
4099 1779
140 575
4552 594
524 116
143 107
144 1244
1364 1282
4614 1582
3043 1187
2005 39
5802 697
6086 1432
506 948
359 522
6904 1277
8051 1584
1946 529
7960 244
4734 1007
2892 292
159 1327
3824 1099
5252 1181
7496 528
6498 579
164 885
1024 127
5976 1795
167 789
2481 638
8156 1433
8461 992
171 520
517 1694
3840 56
4036 113
7460 1394
8575 595
4402 70
7845 439
7253 35
180 1762
8061 254
4313 449
5167 1718
7466 1338
804 1555
2352 1078
7690 86
7797 54
7196 1064
746 766
191 856
192 1286
8968 278
8682 1217
195 1111
4007 514
197 698
3911 145
7987 543
2137 954
4382 421
2102 1533
3307 1712
2000 374
5366 173
3537 1080
3658 268
6373 727
2755 1184
7336 977
7704 311
2863 1136
5522 1337
5443 631
215 329
216 1547
5337 604
69 1099
4061 8
5256 1692
221 876
8469 351
3734 78
2951 1381
671 125
5015 1774
3314 1149
2109 197
112 464
2591 980
8073 391
7436 1752
7289 449
234 1045
5298 1211
2216 1023
3833 622
8342 186
8024 658
1345 1402
2473 1281
242 98
2029 686
2606 38
245 478
8413 643
247 1626
5664 259
2601 1410
4159 1561
7711 1737
7150 1443
253 1762
6020 1193
844 1093
6059 1568
5884 1637
4537 1231
259 949
513 860
987 547
6936 1293
263 210
8029 619
265 1693
266 1095
2502 1606
5840 301
88 639
270 223
271 1723
855 1160
8399 1403
8634 336
3475 1725
276 32
2786 1349
3614 94
279 243
280 690
281 323
282 715
3357 1740
6493 190
285 612
1786 778
6816 1642
1168 1190
1853 383
3938 381
6426 616
292 1064
6491 804
7413 1672
4994 1060
1106 1796
7224 211
298 179
299 553
300 1103
3693 237
7045 731
1147 567
1230 66
6696 673
4167 709
3432 887
7232 1421
3692 5
1607 426
1109 1678
312 636
8515 284
6660 152
6998 1436
2450 998
4560 1448
8716 1126
319 1072
1372 694
668 130
8270 318
6549 627
8674 40
325 328
7936 1087
7040 210
328 324
329 979
4676 1172
331 743
2385 677
647 1648
3736 388
1371 958
601 168
6826 896
338 1314
6123 497
5859 1233
7941 1182
8977 1765
8350 268
893 661
4251 1261
4767 1682
347 961
3145 1263
3302 1743
1078 617
4988 768
567 972
612 283
7046 1792
5126 1350
6370 1603
4254 237
2517 355
6061 522
1994 501
361 1389
6538 1017
8075 1488
8586 1707
5567 931
3255 1074
367 90
368 668
1827 779
7650 97
6961 185
372 464
5758 1619
374 443
7721 1450
2347 1280
1862 603
2211 1083
379 1572
1121 625
4573 635
8538 915
5579 1372
6901 1649
6170 1167
3316 833
387 188
5000 1318
2047 1397
1472 878
2806 10
5471 1241
393 1
394 1662
395 1059
2244 478
7667 718
4039 1612
7210 1455
400 1557
4088 1232
3194 593
1526 1354
1482 588
4622 780
2794 693
5075 1675
5650 17
585 103
5268 581
6500 1690
412 926
2191 577
2133 737
4 764
5205 631
6116 1182
418 730
2379 257
6015 1321
783 850
8979 316
6276 1421
1006 248
483 1505
1819 1136
1182 1708
4638 1157
119 1329
430 751
1968 1107
1243 411
2065 1218
5026 492
7217 726
8853 518
4562 202
7242 1270
1399 1803
440 667
268 301
1273 721
7473 1573
3047 506
3340 908
3582 858
4371 1039
448 1079
449 1569
7806 1464
6970 1049
7670 902
8153 253
7530 492
7778 962
2609 862
845 146
458 753
898 1023
4192 1444
5546 1163
5464 814
463 354
464 561
603 1249
1920 603
2051 1710
7995 638
929 975
4650 1742
6394 229
2186 16
473 973
2700 1295
5094 1375
5353 56
6203 1635
3906 1484
4392 1498
6981 1526
5123 489
482 929
2902 1505
8369 776
485 1378
65 478
4821 1646
6938 488
1286 397
6860 1140
491 692
51 225
7157 1483
494 1433
495 1504
496 1403
497 1250
6129 936
1643 365
6584 1054
8271 1316
502 379
4895 294
2090 1032
501 1316
2648 948
4865 57
7572 1717
7476 1131
510 1187
1293 844
512 1124
4952 860
8340 513
8976 1440
4758 621
6744 1694
307 887
519 268
126 252
8351 114
522 1491
544 1248
4923 116
7582 1722
8646 1630
2201 658
528 80
8306 1347
6197 543
1704 626
3750 217
8189 1227
6608 1412
8736 508
1722 1141
537 481
538 1118
539 698
1218 1411
8250 1207
2936 700
4182 607
8514 1248
2874 1068
8937 1215
2095 806
3717 1805
1237 1514
4184 187
3134 8
899 69
415 764
554 1380
2618 1348
922 786
827 71
7927 1413
2337 1069
560 499
561 292
8282 871
3041 1569
944 1685
5291 67
5495 440
8757 972
568 1736
5885 1237
6077 1527
6955 620
7887 993
573 1282
574 1644
575 796
7051 1029
3033 814
6261 582
7996 485
4380 1701
3618 1365
8656 851
1258 1696
584 1375
2534 103
4941 481
6422 1391
1708 472
589 1462
478 1484
591 877
592 1027
593 424
2816 1721
2662 131
596 1537
2121 1096
5615 541
599 8
1149 349
7314 168
1837 1676
7842 1249
604 135
1166 1557
8652 1527
709 533
8903 46
1439 321
5141 1798
611 987
353 283
7021 1591
3859 1705
8865 879
7782 1192
5005 1370
3481 1794
981 1571
2381 163
2063 409
4530 1766
4187 1495
1951 203
625 505
626 1141
7614 931
5928 1678
5747 794
598 541
5829 748
1080 1720
1527 1268
8122 120
8393 370
636 58
8711 1541
1932 554
854 789
5988 587
4029 623
11 1156
8268 1265
4632 1688
6378 565
2587 1402
5218 1648
648 200
649 755
138 1678
651 1100
3924 1801
7352 695
654 386
130 27
6336 34
2414 975
5066 382
2134 66
5827 102
7061 1668
5539 851
7521 137
74 1240
665 242
4532 1785
667 609
321 130
669 1676
670 1740
225 125
6784 1429
5190 1168
5165 1243
8230 1256
4814 483
1804 359
5176 548
7012 663
26 887
6288 128
1393 839
7789 502
2507 1275
4855 1675
1917 157
892 1387
6142 188
4949 1578
1852 321
887 1320
706 1704
4946 307
644 1688
3746 1107
4453 1708
8449 744
7173 930
7953 1133
6221 1303
5283 1258
7809 888
703 1202
2185 8
5789 1627
692 1704
6560 326
4009 862
3585 533
3305 1158
2159 910
5761 331
713 957
7808 1292
1145 842
6702 838
717 876
3424 1513
317 1448
8363 1013
384 1649
6756 1495
6711 884
724 607
2914 1747
5036 1463
6219 500
6023 37
7361 580
7160 96
2588 428
5870 1402
3045 1307
3601 655
6395 305
1651 802
901 1340
3346 1262
4673 478
740 1567
741 1277
2815 1112
6384 87
8758 30
745 1546
8126 766
7776 338
556 786
4545 1465
2388 1515
8479 756
1395 1324
753 326
5638 983
3898 1237
5299 1223
5777 52
2888 825
3668 1745
3165 584
6843 1047
2533 1551
177 70
1328 507
765 1267
3768 1408
6168 475
30 231
769 253
770 729
771 843
4485 1532
4578 148
402 593
775 253
1091 3
1123 64
778 508
8644 479
498 936
5481 297
782 167
7251 850
3398 1783
8928 1478
3185 1349
6736 926
788 324
6130 1070
4398 911
4877 1773
792 1512
4942 239
5231 592
795 533
2518 709
5328 1111
1928 350
799 276
7369 430
5044 757
1620 125
803 1131
8082 1555
805 453
1858 533
807 1660
5526 988
7172 1664
4500 1407
416 631
708 862
813 1482
3331 1407
735 305
2920 473
817 478
818 364
1183 116
808 988
7637 1393
8647 495
5454 200
3593 462
7122 790
1422 770
7977 71
5518 986
1404 137
6950 1322
831 313
832 354
6421 13
870 701
7811 1536
5872 712
1298 1658
2522 1083
1889 1191
3992 585
4216 1732
842 510
843 1700
255 1093
3567 146
8874 10
6427 1570
1460 543
5584 1287
789 1070
8861 299
3144 1129
2304 669
8960 789
272 1160
823 200
857 1604
6473 1601
859 137
231 391
6828 1778
3410 1732
8088 752
2384 645
865 64
8722 1802
2949 483
8558 1727
869 272
7718 701
2081 212
488 488
751 756
3199 29
6977 20
678 548
6262 1503
558 1413
2034 329
8490 1783
7220 1603
7204 1004
6951 867
6157 716
6119 679
4052 290
7477 1320
6302 897
8312 1775
6650 1563
891 490
687 1387
5816 661
894 794
8386 146
5128 820
897 762
6505 1023
552 69
900 1517
737 1340
1995 512
3851 705
3012 1362
2027 750
906 1118
6790 1319
8219 1139
8339 722
910 1161
911 1381
6275 339
913 1587
914 298
915 1030
6 418
2623 404
918 556
6804 388
920 1247
7060 1217
4176 786
923 1054
8543 747
2857 1061
3274 1259
4278 21
4137 1462
973 975
7183 1253
931 440
985 789
933 1438
3583 1235
935 1180
1682 979
5982 133
938 281
5447 579
5651 1439
6289 1452
6036 319
5332 730
1216 1685
7118 970
7878 191
2210 1284
8781 216
4635 914
950 880
8857 496
8741 420
953 1097
6192 1515
2168 1134
956 80
957 1409
5937 1056
6599 42
2041 385
6979 1672
4214 734
294 1672
7007 1331
7017 1684
2887 1061
6323 222
968 412
969 1738
7717 662
5501 1060
8565 1524
469 975
7268 1258
975 147
976 260
977 587
4847 985
979 1126
8433 1246
619 1571
2355 617
5733 1323
984 1276
932 789
7229 1804
5774 547
988 1398
7796 1639
3015 1012
475 1375
3345 1073
6084 208
3184 1140
2468 661
73 1002
1071 1353
1848 1619
2039 1672
1000 342
1191 1153
1002 1539
7326 640
5619 296
1155 806
424 248
1007 1152
1008 1219
1009 1213
4790 1355
1084 184
2488 898
846 10
3193 85
6547 1407
1016 245
6284 461
1018 624
6837 1578
3867 880
3428 136
1022 228
3105 499
165 127
2222 1336
4258 41
2958 273
1028 1726
6907 980
1030 450
1276 510
1032 605
382 915
1034 840
1035 1323
1036 1234
6867 1492
4073 1741
1160 1384
7252 679
3823 445
2035 1741
1043 190
4463 144
8691 467
8531 685
4180 1153
7074 1789
220 1692
3189 968
5999 483
8696 376
924 747
2991 1321
731 428
7524 292
40 1654
1058 630
1059 607
5129 1069
1061 1326
3313 112
1063 1556
8072 537
1065 1592
7495 667
8120 318
1068 707
8422 1571
2374 1644
1369 1353
1072 1610
1073 1587
6141 101
4624 783
1466 1680
3848 320
6243 617
1079 563
7508 1720
2590 1465
1082 618
3327 1779
7354 184
4054 988
1086 826
6851 1612
1088 938
2738 944
5990 560
776 3
3101 252
673 1168
1569 398
3098 879
1096 1628
3627 1621
743 87
2105 88
42 1781
5632 310
1876 546
1379 1682
1104 274
1105 423
296 1796
4997 1414
3342 824
4354 1678
1110 1278
5113 10
1903 826
8564 746
6046 377
1115 954
7802 510
1117 897
7212 946
3140 798
1747 1162
1440 625
6315 816
6430 64
5047 1242
5962 1197
1126 1606
5981 140
3114 501
1 1627
3143 1015
8402 1524
1132 1
1154 771
2057 1046
8965 248
6522 1242
3291 39
8668 1269
5617 1695
2527 1385
3179 7
2784 1216
4055 507
4884 679
4434 842
3900 1126
4202 567
8848 1758
600 349
8734 1513
2530 158
4359 856
4070 1006
7958 771
8292 806
7144 89
3735 976
8256 1055
1159 473
1039 1384
2572 1001
2560 525
2515 1020
6759 1625
5354 1535
605 1557
3568 100
8710 1190
1169 1546
5898 453
2358 825
839 1191
3818 1761
8777 1062
2935 167
821 1393
7626 912
1178 778
4084 1345
2705 801
7602 1480
2158 1708
7472 116
6334 579
4355 1160
1274 1304
1187 241
6065 995
1189 1092
796 709
1856 1153
1192 1012
3524 950
8633 1037
1195 1482
5684 310
1197 1143
1198 1250
8404 1723
4117 586
1201 416
6767 197
8690 1692
4230 763
1205 1592
5779 1084
1207 1028
1161 1001
1838 394
1210 96
1211 201
4854 271
1213 195
8478 534
3454 1292
3257 1685
6647 238
8242 1411
1535 1551
1220 1716
97 1067
3637 778
1223 796
1224 54
120 1491
1909 179
1906 292
1118 946
208 727
659 66
618 1794
1232 1245
1233 368
4366 1784
7781 774
1353 1622
6044 1514
7110 1611
5386 441
1240 1657
1241 1121
5681 104
4423 411
7673 909
34 890
4986 1516
7700 1024
3560 329
1249 925
7067 440
8881 1229
2698 1440
2392 741
1254 1706
1162 525
4696 1267
1257 1538
2315 1696
4033 206
2472 644
1261 406
8026 1542
1499 937
7920 1568
1265 1383
4550 1081
1267 217
4522 145
1322 498
306 709
5803 1806
57 1732
7401 721
8329 1304
1275 876
1031 510
6306 1640
1871 392
3215 336
6136 1803
6914 1643
1282 585
1283 1172
1430 1236
8972 27
489 397
8 1319
8131 1037
6041 566
1290 1580
6847 373
6167 1000
8420 844
8524 1390
1893 1470
2631 1383
1297 155
837 1658
5866 1728
1300 717
780 936
1997 258
1303 268
7993 1317
7682 204
5954 1226
1307 1017
1442 394
4565 171
8527 231
1311 600
6687 1686
8519 1137
6667 1105
2164 105
2764 736
7812 1002
4477 670
2074 600
6022 1714
1321 797
6290 498
6518 1412
1324 1143
7186 769
1326 1624
3765 756
4690 507
2240 918
4558 218
2251 1798
6920 757
4458 66
176 595
1335 1309
3401 217
1337 732
3638 55
1339 285
1340 323
5442 845
2338 242
5521 873
1385 747
2723 1402
3350 967
2356 586
7491 1138
8425 289
1350 1142
1351 1264
1352 1549
2868 1622
1354 7
3092 1642
304 66
2230 75
5059 1014
1485 944
8017 84
5857 119
3684 1701
8526 1436
6727 1282
1365 1592
7580 1016
1367 1417
8359 296
997 1353
1370 52
8195 958
6713 694
2719 474
8498 1540
1375 438
955 1134
6923 889
5737 1348
3080 1682
1380 1560
4633 269
7168 1075
8847 884
4603 477
5248 747
1679 947
1387 997
6418 1736
1228 946
5110 1010
6469 791
6557 437
5474 839
4591 1750
752 1324
518 887
1702 592
7630 490
439 1803
5607 1068
2046 1238
1585 1313
540 1411
663 137
624 203
3621 524
8068 1456
105 224
5943 1460
7918 487
2354 1112
2812 433
7037 889
1691 1332
5049 1204
5323 164
1417 1377
1944 739
3817 68
4326 527
3363 952
6432 770
5365 242
6224 715
7689 1789
6354 1585
1427 1430
5606 504
6637 649
3493 1236
5971 399
8964 1212
4282 192
1434 905
2674 1287
451 1049
6592 51
5277 1057
6690 321
2858 625
5153 555
1308 394
7705 1184
2603 1223
995 661
1446 718
1447 978
172 1694
8726 404
7178 1015
5915 195
3852 1462
4873 786
3207 1441
3373 1026
2894 14
1650 1483
5975 1065
6908 600
848 543
354 1792
4105 1675
6732 1504
6894 815
1465 893
8737 1680
1581 582
1501 1607
4413 807
7804 1124
7631 1369
390 878
7841 122
3252 1796
8778 367
8744 1507
219 8
1817 900
2998 544
5030 1275
1481 1400
7087 588
2448 1695
1331 1798
1359 944
6213 1088
363 1488
8867 1020
8308 500
5980 384
2573 730
1492 1091
4370 1694
4236 1226
8294 1690
493 1483
6743 287
4268 130
4513 937
3451 665
1468 1607
5644 1033
6096 1341
1504 963
1505 370
1004 296
8925 275
366 1074
1509 597
7300 1150
5808 1762
7005 1354
4926 1244
7315 145
7139 559
1516 846
3181 613
2434 493
5756 1615
1520 626
1521 729
7359 23
6764 429
1524 903
2018 993
403 1354
3597 1268
2266 1360
6580 1630
6412 400
7025 1634
1532 1106
6283 1670
1534 918
4403 1551
1536 409
6470 151
1538 1225
1539 8
7818 1071
8475 1415
2592 1305
7219 321
8536 286
1545 1121
8894 647
1547 1718
1964 1158
7513 1768
1550 707
4862 1290
1552 1453
1803 1124
688 188
947 1284
7182 192
2748 1406
1558 1009
777 64
8835 412
1561 791
3619 40
2223 745
3334 509
3563 891
3235 300
8175 1153
559 1069
3464 398
4705 62
1571 1412
3195 867
3640 75
1574 39
3557 479
5653 967
8217 908
1578 1650
1579 1065
1580 341
578 582
1582 63
7771 137
339 497
3423 1313
2428 949
2098 216
1589 706
5835 706
1590 341
6452 889
3275 295
1593 115
6792 206
1595 641
1872 1320
3846 1297
1598 245
1599 390
6391 489
4229 830
1867 369
1684 1470
3352 574
3358 1208
1749 14
7216 426
1292 1000
3390 1758
1610 598
7187 656
5358 728
1094 398
4722 875
2568 763
812 862
1617 1239
2535 138
2929 5
6510 125
2323 1524
6810 1550
6612 259
4334 1117
5006 1723
1626 746
2711 250
3511 791
6976 695
6303 899
6143 907
5666 1283
8142 141
4017 81
7197 1797
1636 1805
3843 1379
1614 875
1639 769
1640 973
5459 374
4256 266
3472 365
6543 1681
2402 1629
2318 1692
4703 1494
1648 575
8534 58
8940 1483
736 802
5222 859
3785 890
1260 644
5517 1703
7421 1199
4729 1011
5794 1177
6446 1578
5871 1775
2531 1147
4304 1159
3714 696
8148 826
5510 124
4100 193
7101 1039
3894 1729
4851 175
3971 1549
1334 595
7347 1126
8483 29
5307 1359
4557 264
1559 64
1677 179
1678 1794
5068 947
2636 1415
417 1182
2364 979
2617 1455
7768 1470
3230 402
8361 33
1687 1180
8685 304
6067 1216
5787 1449
5146 1332
3379 799
4812 48
5665 703
1695 580
6282 787
7049 322
2841 1202
2851 1349
7599 1613
5642 809
1397 592
6294 1760
531 626
7635 555
1706 982
2860 1067
3628 472
5801 401
4421 1479
2006 169
1093 1168
8700 973
738 1262
4732 157
4042 1453
2439 263
6016 753
7595 314
5330 916
8895 1684
8027 1141
4444 1772
8938 1200
2562 352
1822 442
4459 804
4655 1110
7571 848
1400 1068
1972 955
6376 232
7737 1037
1734 958
4110 1671
7454 569
6098 474
8225 423
6387 516
1724 1200
2094 865
7105 542
1743 687
3064 594
314 152
5046 1416
5780 1162
6393 734
1456 14
6610 1028
8446 174
1752 1185
1753 255
1754 870
1755 934
5280 1285
8040 47
2316 1437
2391 974
6999 171
5408 348
3490 1388
3874 146
8034 136
8611 1553
1766 1571
335 958
847 1570
1769 1616
1770 1655
6310 1233
6629 77
1971 284
3743 1517
3386 31
2148 1283
4566 464
2790 216
4043 1594
4804 154
1781 918
6325 384
3535 1254
3191 532
1785 1426
286 778
2808 1025
2033 322
7089 1067
1790 1488
1791 379
409 103
4901 921
1794 444
4186 922
4928 708
2675 1024
1850 1753
2501 1544
5583 1148
6742 787
562 871
3542 1124
677 359
2800 517
1824 1800
4599 225
1813 292
2999 1006
7362 1215
3871 935
4514 380
2538 292
1814 404
1967 1322
1816 831
7658 900
8145 691
6240 1136
2416 269
1821 298
7519 442
5505 620
1806 1800
2129 284
1693 48
6291 779
7604 1763
5224 538
3948 220
1831 339
8272 731
7263 337
5923 358
7799 659
1836 1685
5585 1676
6675 394
1839 1082
1840 860
1992 1477
6331 1169
1843 906
6434 1201
2559 1624
7684 1278
1469 807
998 1619
8435 1188
8687 1753
3633 1159
609 321
5477 383
7393 1419
6815 1418
6428 1153
111 1594
607 533
8779 613
4316 502
4985 431
6125 603
5492 1618
3378 1090
6433 560
2827 1280
1602 369
7457 346
6052 8
5282 112
4857 392
4449 1320
5118 587
563 1569
3748 591
1102 546
7937 713
7269 1225
4179 962
3003 1500
4461 570
1882 1372
7377 1775
1884 858
759 1745
2864 1576
3629 1339
1185 1160
3400 1191
3503 537
3608 1763
1892 1673
8358 1470
6836 1459
2633 1269
1646 1692
3518 1080
1898 346
8132 1722
5786 288
1901 89
5250 1070
4102 826
6884 47
4730 648
1808 292
1907 202
8899 712
3745 179
2679 869
6406 1380
7459 1618
5712 1725
1914 1309
2167 120
5260 901
1715 157
1918 1271
4719 1472
3624 603
7724 1381
2820 1698
7583 1558
1924 770
1758 1437
3920 407
1927 406
2905 350
2011 1300
5440 1255
7949 1012
638 554
2082 1769
4074 717
251 1737
7862 983
5179 1198
2985 487
2372 1346
1940 1665
2117 1116
3914 271
53 986
6749 739
2452 1494
8907 529
1947 1628
1948 1013
4470 1719
1950 1659
1405 203
3789 16
1953 362
2649 1774
1382 1075
3176 1439
1957 308
1958 560
1959 130
6423 205
7957 1401
5363 325
7612 1173
6598 1158
3861 1621
883 867
830 1322
431 1107
6471 1101
5350 913
1773 284
5245 955
1973 105
7053 1476
4091 969
3505 1496
7391 1367
794 592
1979 340
8733 719
2170 659
1982 1737
6210 946
93 1482
1214 534
3054 708
6476 1205
8354 1270
1989 334
1990 1531
326 1087
4284 1477
3880 24
360 501
2743 512
1996 416
8460 258
1998 1418
5627 645
7265 374
1463 1504
2464 239
8349 1786
8474 410
1137 39
6202 169
4025 1229
3351 1224
4694 1170
6561 1632
6459 1300
2012 424
2013 1588
4344 315
5946 1234
1196 310
1795 922
1525 993
7963 1322
7826 1192
2745 1173
8021 1508
7348 1105
4168 1671
3469 716
2546 960
2370 750
5771 1336
7510 686
7772 1214
1664 826
5318 1611
1697 322
879 329
8300 1741
8048 257
8585 1002
2199 1243
961 1672
767 475
5011 385
8317 1614
965 1684
2044 1368
8694 643
1401 1238
8258 1397
5387 372
2049 1724
2050 1794
4750 1710
3119 718
5581 1699
6862 47
2055 179
7848 1038
2839 1046
7566 927
2410 1445
2060 932
2061 28
2155 1806
7363 409
4126 1306
2686 1218
6078 1765
2067 245
5643 1588
1426 1585
2070 381
2071 94
2072 207
685 1675
1319 600
8049 1567
8050 519
2576 1333
2078 830
2079 976
1633 141
4433 212
1933 1769
8599 676
341 1182
2085 542
5377 480
2087 573
3027 1234
2867 153
3485 1032
2635 503
7403 1497
1878 1225
5602 865
547 806
2096 386
3710 637
1778 216
8509 1606
4191 834
2101 1507
2932 1533
8730 1132
6389 326
3317 88
4590 1420
103 1341
2288 195
1202 197
889 1775
8743 111
4681 1063
1741 865
712 331
3795 907
4082 382
8464 1116
2118 1614
2119 583
2120 170
2289 1096
5902 1661
7881 1165
2124 128
5676 1279
8002 1356
6680 1338
6337 1095
7910 284
2130 1358
6014 1155
2242 729
414 737
1356 66
2135 204
2136 1016
4087 954
7419 1128
5938 197
4991 1310
4741 1061
3531 1052
4539 337
2144 831
2145 390
8406 597
4220 599
3596 1283
3954 60
8444 1695
8622 951
6983 785
5847 1164
2154 888
4626 1806
3289 547
8108 1325
6108 1708
711 910
2479 274
6173 280
3587 722
2163 720
3411 105
5635 1369
3697 995
8927 120
1376 1134
2169 1538
6158 659
1965 1621
7644 1450
6521 1270
7747 1238
3873 931
2176 1300
1027 273
4553 1041
4315 1400
7467 713
7275 1802
5507 1438
2818 650
4617 822
551 8
5609 16
5239 1396
5287 188
8936 500
4764 614
8559 577
2192 1445
2193 551
2746 526
7736 1783
6438 1585
4892 1591
7203 18
3966 1243
8614 656
239 658
3137 1450
8693 486
1540 1071
3267 209
5065 1680
7625 1240
1269 498
4670 374
5247 1284
378 1083
2638 1625
6967 1585
2214 1177
2007 1229
5462 1023
2217 1515
4281 1706
6917 1755
6737 1699
8064 1202
2028 1336
2997 745
5907 1654
2224 1654
2226 172
2174 1238
6257 782
436 518
1357 75
8053 540
7634 416
8231 1099
2234 1552
5961 247
4937 1520
2237 133
3922 819
2239 685
7406 918
4141 1558
4234 729
4439 1431
739 478
4046 1581
41 915
6832 1532
3832 161
444 506
4518 1092
8283 1798
4041 1189
2253 355
1099 88
1584 497
161 1181
4385 748
2258 673
6692 1497
2260 1594
2470 77
4365 1230
4667 897
2740 1506
7058 1606
7097 1360
2267 572
2268 919
1799 1544
6030 196
7320 462
7850 1172
2273 818
5479 274
2275 1700
606 1527
2277 1206
7617 761
5120 1000
683 502
8530 444
2282 1241
8031 1322
7237 1180
2285 1233
5519 868
1150 1513
2108 195
597 1096
4785 143
8341 574
3149 1386
6175 1700
8121 528
5092 448
3571 1669
6714 1435
2298 1806
1055 428
2570 1392
5338 1288
4360 12
2367 1042
4045 669
2305 76
5071 1311
2307 47
6535 1495
8190 539
2310 239
6678 1557
2312 1224
6989 807
2314 435
7188 1696
5549 1437
4231 1528
7752 1692
7999 486
1674 1359
727 500
2322 901
972 1524
2324 1150
4175 261
2326 1762
676 483
224 1381
2329 1150
4473 1239
2331 1241
2332 434
3858 358
8212 898
2335 403
2336 1030
7140 1069
1423 242
5258 191
5478 1806
2938 838
2052 718
5241 1010
5439 361
3835 358
1980 719
5815 1280
2348 649
8884 1525
2350 446
2351 1387
186 1078
5249 1601
7979 1112
4271 617
4948 586
2605 1594
2544 825
2088 1234
6066 558
5347 270
2362 272
2363 1302
5189 979
2939 1212
1841 1477
2737 1042
2247 1532
6562 427
905 750
2984 1798
1939 1346
2373 1021
4317 1644
4839 1733
2376 840
6670 1103
7338 395
5339 257
4145 1350
620 163
2382 483
2758 1110
1999 645
2400 677
1645 1629
2387 344
3461 1515
2389 396
3029 570
1759 974
1253 741
6400 1344
2394 1062
866 1802
2706 293
2397 452
3427 1033
4487 1768
7055 677
7786 1790
2386 1629
8877 309
535 508
8302 778
5498 734
3844 966
6113 429
8818 635
2059 1445
2456 810
6296 1468
6235 101
657 975
8384 836
6525 269
136 919
3506 1408
2419 1036
52 1653
2421 693
5702 1643
8569 217
2424 247
2425 1662
2426 1106
7312 366
7500 949
8600 1374
7442 689
2431 198
2432 1644
6587 1781
2539 493
4132 28
5805 1267
2437 975
1209 394
1717 263
4824 356
2807 1792
4393 312
2443 1144
3085 1744
7865 1181
3319 1449
4688 1329
2150 1695
2340 1806
8036 998
5072 415
8510 1494
7180 479
6952 178
7226 1536
3147 810
2457 59
2565 1007
2459 1179
2981 1146
2461 937
4773 1288
2447 1329
2002 239
7545 1117
5140 1047
5822 1510
344 661
7660 485
2261 77
8703 223
8532 644
3116 1281
6574 1038
257 1637
7832 1328
5953 684
1495 1690
6941 274
8866 1262
6449 638
5698 621
2483 580
2484 147
2485 531
5053 1774
7446 825
2843 898
6778 726
2490 1323
2491 1254
2048 372
2493 1392
6147 114
2495 965
6021 1451
5662 945
3329 176
1915 120
5124 923
2269 1544
3126 1606
2503 1151
1641 374
2505 1378
2506 1132
5038 1275
3574 756
8151 850
5261 407
2511 1301
5177 1127
323 627
8921 1586
2830 1020
5689 1688
8407 355
1270 709
243 686
2520 1733
2714 459
12 1083
7687 943
8293 614
2525 571
2526 345
8448 1385
6818 50
8618 1343
1151 158
6342 1147
5716 1337
1219 1551
1792 103
1618 138
6657 363
4097 519
1056 292
3839 493
446 858
152 522
7885 1356
2543 1405
758 825
4057 129
5472 960
2547 1788
8823 1114
2907 880
3936 282
2551 282
7613 754
4506 393
2554 45
2555 227
8798 1027
4494 180
1113 746
6982 1624
8747 525
2165 1369
7235 352
3928 183
2564 1141
2458 1007
1900 288
2567 1413
7448 763
480 1526
2300 1392
2571 815
6032 1001
943 730
5755 1193
2575 19
8047 1333
6872 633
762 1551
2579 1240
871 212
661 1668
36 169
3893 1534
2683 758
2599 1066
7917 1333
646 1402
2299 428
2589 1327
4645 1465
230 980
6559 1305
4834 1115
288 1190
5421 415
2596 1521
7357 1245
718 1513
2585 1066
4908 355
249 1410
8764 1057
3612 1223
958 1056
1857 1594
3448 38
3208 1768
4150 1467
456 862
7291 615
5831 1270
8161 1053
6551 635
2614 512
2615 959
3652 343
3886 1455
2896 1348
2619 1446
1954 1774
5115 72
1435 1287
917 404
2624 1271
4081 1734
2626 559
6841 156
3425 942
2629 1139
4931 953
1296 1383
2293 1700
1895 1269
6335 611
2091 503
8557 1415
2637 1534
8970 1625
8916 414
2640 1762
3507 1203
6049 933
2643 1401
2644 1019
2645 660
7257 140
8516 941
151 948
2486 1774
5009 1652
8650 902
2652 1691
39 1261
7785 227
2655 1417
2656 1379
5764 1583
2658 1363
334 388
2660 782
2661 490
8347 131
5905 516
7792 412
2665 621
3359 1396
2759 928
2796 529
2669 785
8059 466
2671 1747
7800 619
7174 1169
5453 1287
1247 1024
6770 1017
2677 1692
1142 1216
3882 869
2680 507
5010 1086
2682 1520
3337 758
1171 825
2713 1195
433 1218
7669 840
2688 1590
2689 661
3962 987
2691 115
5473 157
2693 879
4228 66
8769 920
2696 214
2697 1512
515 1440
5351 1543
8592 1295
2701 1008
3161 651
4221 224
7009 231
8450 801
2396 293
2574 1193
3610 1701
8787 23
3644 1192
1627 250
2712 280
8000 1195
2521 459
2715 563
1458 1065
170 992
4765 732
1373 474
4874 545
8266 522
5535 1481
240 1402
1796 708
2725 1498
8850 1087
4262 379
2728 647
2480 1262
2730 773
2731 1742
2732 1273
6211 765
2779 1501
2735 1084
8827 1725
2303 1042
1089 944
1026 41
2264 1506
6649 1457
8635 1298
902 512
2768 1604
6717 1173
4297 526
3221 1246
1557 1406
4888 3
2750 1273
6150 514
8018 317
6870 427
2754 108
209 1184
1316 736
2757 563
1728 1110
3773 928
4798 102
330 1172
2151 951
2763 1111
2756 736
2528 50
6377 935
8403 1458
3953 1604
4947 357
5259 793
4556 1638
5957 121
2773 733
5933 446
1242 104
2776 415
4156 221
3577 993
4784 1501
826 770
5637 307
5680 1523
3632 1022
4244 1216
2785 1366
1699 1349
1672 1126
5886 629
3097 210
7821 216
7873 1382
6708 495
2190 614
406 693
2795 1145
8613 529
1594 206
2798 447
4302 182
5060 517
2801 494
218 1099
375 1450
8316 1753
2537 519
1111 10
1461 1792
6180 1025
5019 259
6164 1374
8180 670
1412 433
2813 1454
2814 332
1411 1112
4143 1721
5496 221
4347 650
2819 1129
8709 1698
2821 1787
5744 1451
2974 1314
4226 720
2825 278
6205 1194
4927 1280
3533 1294
1656 1199
1488 1020
5042 562
3801 1051
2833 674
4190 682
3271 434
2836 452
3943 1038
2838 399
1134 1046
2840 142
1698 1202
3757 1341
2334 898
1883 1775
2845 772
2846 141
1383 884
4475 1119
2849 162
2189 500
277 1349
3895 1618
7379 183
2854 164
2855 428
2856 61
966 1061
3868 625
8612 1609
1707 1067
1921 1381
2862 484
7551 1136
5411 1576
7962 1176
2866 340
5548 153
7094 1622
7190 930
5197 556
8391 1736
1543 321
6216 1256
8926 1068
1476 1507
2876 49
6513 768
2878 63
2879 667
5422 1309
2184 822
3987 92
2793 614
6026 611
7948 173
5185 1653
925 1061
7576 825
2889 377
2890 910
508 1717
158 292
6231 517
5175 14
2179 1400
3497 1348
3538 1120
8015 152
2875 1507
6554 1128
2901 1415
425 1505
1317 1002
194 1217
4430 350
5636 549
2549 880
1727 804
2909 165
3559 22
6701 1487
2744 1604
2913 116
725 1747
2942 1203
1987 1205
2917 351
2918 531
3023 622
6208 473
6444 1149
2922 1078
3128 1274
6095 808
4118 196
8896 525
1703 1760
5724 1168
309 5
2930 699
1637 1379
6933 1533
4142 1609
3450 885
1175 167
542 700
4846 433
2341 838
7983 1212
3742 124
2941 592
2915 1203
1800 1148
8273 1802
2945 102
6073 360
1001 1153
6985 197
1051 483
8597 1011
4104 1381
6079 1326
5024 1704
4062 1518
3720 1147
2956 346
2957 1643
2177 273
3712 1562
4913 1596
773 148
2962 1305
6099 1620
7989 471
7199 663
632 1720
6597 413
8520 286
3232 404
2519 686
6889 988
2972 648
8949 1298
2823 1314
4223 509
6107 173
2977 1619
4864 347
4111 1059
2980 905
2460 1146
2982 1587
1048 1789
610 1798
5406 487
8552 1782
2987 582
8967 795
2989 471
4432 1521
420 1321
2992 1312
2993 659
1812 380
2995 1553
2996 160
5456 745
5572 544
1153 1006
7124 79
3655 596
7912 276
3280 1500
3004 197
3005 1233
7449 190
8720 1615
5605 659
5105 1178
3010 278
3162 209
8826 1362
3013 756
5449 812
1931 1012
4879 198
3866 181
3018 1343
3019 1477
6075 1565
3021 1394
1809 1006
237 622
4072 384
7534 1018
5648 235
3278 1234
4152 97
4436 570
3141 1455
3031 773
3330 1466
5081 814
3034 898
3035 539
1600 489
4139 1172
3038 1270
3039 1791
6404 365
7924 1569
2792 495
8366 1187
3044 385
733 1307
7536 1266
7732 506
3048 165
5987 1173
3576 346
4664 520
2444 1744
5048 82
1986 708
7482 1438
1554 188
3057 803
6279 1489
3059 373
3060 1603
3061 320
4275 306
4596 1780
1744 594
5652 1804
3754 2
8898 1657
1433 192
3069 341
1774 1517
2344 361
3072 228
428 1157
3074 1177
7019 520
3076 919
7837 1534
2834 682
3079 1164
346 1682
4218 476
1783 1254
5654 53
5824 1212
3052 1744
3086 1557
8840 422
8005 1343
3452 1489
8198 1565
1052 376
7575 1642
8883 872
3237 1414
4047 1514
6156 1152
327 210
615 879
8819 781
8793 196
1092 252
8832 1358
3103 194
3104 1379
4618 499
3106 505
3107 181
5084 240
5628 61
3110 1660
699 1133
5172 817
8969 1054
7231 501
8828 1311
241 1281
3117 1308
6043 1529
397 718
7860 630
3121 699
3122 1488
8914 430
1719 314
3984 823
2265 1606
7639 1220
5342 1274
3129 1257
1251 1229
1631 907
1573 75
6730 300
7001 8
3135 666
3415 349
2172 1450
148 39
8454 430
1119 798
3030 1455
2871 1736
8114 1015
852 1129
7834 1263
6515 1423
2411 810
1654 644
2292 1386
385 1167
7928 836
3152 691
3796 1296
3154 773
154 1584
1775 31
6971 1112
3870 779
4450 1641
6695 1468
5849 651
2205 209
5451 1301
3273 1583
5656 584
3290 1525
3799 363
5090 225
3169 984
3170 1199
3171 1151
3172 1772
5732 1109
2127 1338
3175 481
940 1439
8326 1774
3209 1548
4058 7
7318 494
6454 613
8193 1091
2235 247
8855 1140
786 1349
8184 1320
3187 523
3188 625
7846 968
3814 1656
1784 532
8039 36
4147 85
6801 593
1966 867
3196 390
8171 1005
3198 905
1673 29
134 312
3659 958
3202 1125
4933 11
4408 1457
2753 427
7098 1353
7066 1441
2607 1768
3178 1548
8456 1084
7310 1105
3212 490
3876 1314
3752 1204
1279 336
3216 1659
3217 1171
3218 640
6458 241
2512 1127
2747 1246
3222 687
3223 1521
5255 470
3225 112
3226 513
4536 111
3228 742
5262 1028
1685 402
3231 1220
1449 404
3724 619
3426 1054
3133 300
2646 140
3837 1414
4346 307
3239 282
173 56
1302 258
7585 78
6636 513
4424 1645
3009 1178
8608 144
3247 988
5630 1114
5012 997
3250 82
3631 663
6782 1796
7677 803
3254 455
1508 1074
4759 13
564 1685
581 1365
1801 787
3260 525
8891 1730
3965 226
3263 1395
8336 50
4900 1635
3266 460
6651 209
4158 1502
3269 747
3270 472
5595 434
3272 877
2657 1583
926 1259
5770 295
2897 1120
7128 1239
7441 1234
4112 43
3365 1500
3281 182
2092 1497
3283 2
7015 792
22 96
3286 1008
6508 941
4425 1667
2156 547
3166 1525
7444 39
3586 1004
6298 1104
5227 263
6191 515
3296 1490
3297 1499
8731 1218
2616 343
3300 1564
6007 456
7606 1743
4451 1591
4956 698
1548 1158
3306 494
8248 1712
3308 304
5814 1556
974 1258
8603 1418
4725 121
3815 112
2921 1149
5826 1429
8218 833
2254 88
3318 1454
1690 1449
8216 1740
6531 1507
7103 1248
7620 419
3324 1797
7277 1707
3326 1631
5430 1779
3328 945
2498 176
3730 1466
810 1407
1490 384
3333 1170
3723 509
4080 325
3751 1312
4024 758
7465 1613
3315 1429
3806 908
386 833
7897 824
5300 1575
838 1083
6534 1073
2729 1262
4636 926
3348 626
3732 84
6320 967
8941 1224
1604 574
6954 1752
3354 157
3355 628
5246 1436
283 1740
6802 1208
8664 1396
3360 1272
8394 1595
7111 804
1421 952
7195 1469
8486 1500
6402 1302
8135 163
3368 1301
5004 846
3370 1756
3371 755
8813 339
4362 1026
980 1246
6355 1049
3376 1668
8791 106
6409 1090
6552 799
5825 1734
3381 143
8415 1526
3349 84
617 1370
3112 817
6366 31
3224 470
3388 1221
3389 1409
5725 1758
4466 1683
7743 716
2548 1114
4776 251
6445 1676
3396 1109
2313 807
880 1783
8689 1554
4253 1191
2423 217
5868 1455
7562 1390
8028 1508
6570 794
75 1748
5099 43
2231 540
7497 774
1272 1732
1315 105
8417 330
5565 1399
672 1429
8150 349
182 449
3417 775
4541 453
6486 1425
3420 170
1609 1758
3422 987
1402 1313
2598 1513
6455 942
3989 1054
3722 1033
1021 136
3429 797
3819 205
8834 1072
680 887
3433 461
7882 874
7609 887
7554 840
3719 523
3603 108
1157 976
6633 916
457 146
7333 868
5254 445
3444 1148
3445 1116
6911 1352
3447 1733
6025 38
2724 708
3687 885
4708 665
5720 1489
7553 1360
8533 1292
3455 626
6185 604
7817 910
3458 733
3459 646
5025 225
750 1515
1255 525
8168 572
1613 398
1122 816
4348 1458
8471 1776
3468 579
3482 716
3470 906
3932 672
3040 365
6463 964
7091 743
2736 1725
1514 145
7839 307
7014 1109
622 1766
8704 187
8821 1794
2025 716
7750 1106
4909 1285
5214 1032
4896 1146
5899 1423
3488 1344
3489 599
7243 1388
5989 100
4860 1600
5811 1236
3494 1131
3495 1736
4096 1155
555 1348
196 514
3499 906
4134 540
6671 1036
6419 293
1890 537
3504 98
5740 1496
766 1408
3792 1203
3508 1099
7247 503
4108 804
1628 791
3512 302
8497 48
1692 799
3304 698
6457 1640
4662 904
206 1080
3519 957
5986 524
3227 111
7121 1442
3523 1717
1193 950
3830 345
3526 1650
5525 727
5912 772
4491 1749
3530 640
2142 1052
3725 1435
2828 1294
3534 103
6939 1254
1158 1055
8957 1080
3276 1120
7071 1624
8499 979
3541 1656
1553 1124
8971 907
4086 437
6181 1754
3364 1469
785 1478
959 42
2339 191
1696 787
6757 469
5837 589
6803 467
1368 296
3555 1346
3556 753
1575 479
3558 1409
2910 22
5488 329
3958 1574
5890 1541
8169 891
6716 1624
7683 541
7405 1411
1763 146
3575 100
5983 164
3570 1661
2296 1669
4820 613
3573 738
1327 756
5877 100
1868 346
4269 993
5836 33
3285 96
6127 1772
6226 571
2540 858
7008 1235
3584 1710
8522 533
882 1004
909 722
3588 1331
8966 328
3590 1597
8623 617
1075 783
2271 462
3594 1662
7189 1441
8945 1283
633 1268
3780 1672
3599 837
4352 1315
8697 655
3602 1182
8013 108
4015 1209
3605 1173
5102 608
4032 1207
1891 1763
7830 547
3787 1701
768 231
1444 1223
8085 697
278 94
3615 134
7596 1094
6760 265
3258 1365
324 40
2263 897
1406 524
4628 154
6526 208
377 603
1762 1388
3783 1150
7880 1621
6485 472
1887 1339
3630 638
3251 663
46 1022
83 1159
4665 1488
3635 773
4610 982
1222 778
4669 55
4582 522
6909 75
3641 1409
3253 803
345 1261
2020 1192
6772 411
6385 530
6596 710
2317 1528
4465 290
3650 1557
3651 967
4753 343
3653 1012
163 579
8364 596
583 1696
5861 983
207 268
1767 958
3660 1642
3661 583
3662 228
8727 1127
3664 784
8070 1334
3666 1487
4289 1204
1885 1745
3669 1145
6839 49
5139 141
3672 49
7680 1702
4035 667
4971 1069
3827 26
3677 1051
7558 1466
1845 1624
8521 624
5164 1486
3682 1050
3683 1622
580 1701
5491 131
3686 1520
8276 885
4894 1555
8432 396
5401 385
3691 388
1619 5
357 237
3063 1780
3695 755
3696 765
2166 995
6087 606
8303 614
4276 468
3701 965
7905 132
4792 498
2690 987
6824 1800
3706 1665
4508 1122
3708 1121
7594 553
5603 637
5424 621
7671 1562
4169 1558
1663 696
3715 138
6835 1069
548 1805
4484 1647
4634 523
1661 1147
8975 220
1502 1033
2975 509
2672 619
3532 1435
7915 1467
3727 1674
5364 234
3729 135
3032 1466
6750 260
3383 84
4301 558
8508 78
3439 976
6681 388
3737 1048
7544 1536
3552 589
1729 848
3741 445
6447 124
3070 1517
6653 44
1226 179
695 1107
4492 1185
1875 591
7664 817
532 217
3336 1312
4298 1204
5346 69
7282 2
3755 1780
78 1342
7030 1341
8837 1559
3759 933
6225 480
3761 484
1963 1173
6215 1804
590 1484
873 756
3066 2
4290 1434
2418 1408
3769 376
3338 1613
8942 451
3772 1171
2667 928
8808 1490
3775 155
7863 1719
3777 781
2073 1675
3779 947
3598 1672
2852 1618
5428 165
3626 1150
5613 504
7741 890
4247 819
2708 1701
705 1627
4372 16
3616 1094
6949 380
2641 1203
8570 1708
7942 1291
3543 907
7396 1296
2822 1451
4831 9
2536 363
5792 1447
4215 1051
942 319
6467 663
8130 676
3805 1676
445 908
3807 1173
5349 318
1394 1750
8831 1468
9 780
7020 1230
7857 1205
3190 1656
1870 112
6246 63
1419 68
8671 1761
1960 205
3820 612
7587 1464
3782 165
54 445
2233 1099
13 1274
3826 31
7629 26
7002 1652
8955 767
4752 345
6348 1108
2248 161
2919 622
4307 1564
5678 358
7292 58
3094 1414
8158 1454
1518 493
3240 56
362 1017
3842 573
2931 1379
2407 966
3845 1593
1597 1297
4999 291
1077 320
3849 1397
2762 951
123 705
7397 1462
7380 628
1050 968
6076 1531
4656 1266
8323 1641
2333 358
614 1705
1017 461
4265 1621
62 229
719 1448
3864 994
3865 1635
4343 181
1020 880
7899 625
3869 1216
3158 779
7615 935
8502 289
6745 931
3441 146
3875 1055
3213 1314
8752 628
7424 117
3879 17
8297 24
3881 1079
7805 869
1309 171
3884 762
3449 708
7057 1455
8077 262
5314 1598
8418 1174
3890 1346
7556 236
1355 1642
3077 1534
1668 1729
7331 1618
2149 60
322 318
569 1237
6541 475
2787 1126
6399 132
3902 822
608 46
6233 1667
5435 379
8208 1484
3907 967
4193 83
6672 752
8288 1315
4914 145
8144 1417
7418 1338
1942 271
6944 1703
3916 163
3917 1218
8321 458
3985 454
7974 407
3921 823
5470 819
3923 618
652 1801
8958 1655
3926 1133
33 170
2853 183
8063 1214
3930 665
3931 293
3471 672
3933 1770
3934 1558
4429 32
7714 282
4480 1175
290 381
6503 1532
3293 1104
621 409
7738 1473
2474 1038
4743 489
3945 1682
5588 304
1479 544
3721 220
4504 1561
3950 1399
3951 315
2961 148
2912 1604
3896 60
4810 1615
7499 25
8375 1621
4898 1574
4770 254
3960 231
3183 247
8870 987
5466 205
3964 933
5331 226
674 1243
3967 1534
8772 637
3738 1536
5457 639
1670 1549
4629 39
5645 374
3974 3
2422 1643
503 294
3977 1226
5922 1802
3478 1109
4554 1558
5292 238
3982 531
6483 1545
3125 823
3919 454
5819 172
5508 92
2398 1033
7184 1054
4144 425
7042 560
840 585
3993 1517
6656 1057
5930 404
3996 277
6401 417
7622 589
3999 1102
8494 1474
2103 1132
2301 1288
4164 748
5901 144
4005 963
4006 290
3498 514
5295 540
7039 862
7744 511
3298 1218
1087 1612
5634 1778
6109 1469
5920 1209
2963 1620
4151 81
4018 634
8678 291
5695 364
3071 361
4022 739
4023 875
7598 758
8441 1229
7836 565
3089 1489
4028 1025
4761 623
4124 426
6844 1472
3607 1207
1259 206
4034 756
1066 667
6731 113
4738 1771
388 1318
4012 1612
7742 1761
7998 1189
1716 1453
5660 1594
1428 504
6864 669
2245 1581
3095 1514
370 97
7374 560
5325 1346
4051 268
886 290
4053 1398
820 988
1143 507
4056 508
2545 129
1141 7
4238 30
4060 1631
704 8
2954 1518
4063 903
549 1514
1925 1437
4066 1594
3829 767
4068 1048
1793 921
7505 1006
5694 930
3024 384
1042 1741
1934 717
4075 530
3174 1338
2582 169
4735 1542
4079 612
1962 325
4162 1734
2116 382
4447 333
1179 1345
7592 761
7727 437
200 954
5833 1232
4089 94
4090 1583
7427 969
1902 1070
203 1712
2401 1790
4095 923
2131 1155
4502 519
6375 339
139 1779
1666 193
8045 241
2031 826
4270 1250
4489 1381
3778 1675
6621 737
4107 1209
3362 804
5559 989
7451 1671
2979 1059
5367 43
3483 1106
4204 1399
5834 727
7370 1026
1347 586
4415 196
7146 596
6160 1543
7082 674
8440 1354
2141 1061
310 426
4619 664
6266 1306
4588 589
4128 1781
978 985
5970 998
4131 723
2435 28
2284 1180
4008 540
6397 865
1726 442
928 1462
7072 907
2272 1172
4140 391
3980 1558
8176 1609
594 1721
3990 425
355 1350
43 602
1014 85
4455 274
8192 1709
2608 1467
8893 81
5944 97
5516 944
2881 822
2030 1214
4201 221
5690 408
7681 1502
5151 1561
2973 1298
4161 776
8210 1734
2429 1374
4003 748
8814 1102
4166 678
6140 709
2024 1671
2241 1558
1285 27
4171 131
4172 608
4377 1566
1725 352
7198 261
7947 786
6893 34
404 588
455 962
7410 1153
4181 1799
543 607
6927 1750
5229 187
3002 276
8186 922
722 1495
1542 1305
4535 223
7512 682
2100 834
7590 1444
3908 83
5144 1234
4195 280
7078 1125
7209 480
4198 771
7024 853
6558 1663
2777 221
303 567
2532 1337
6578 1399
5714 437
4608 971
7831 184
8365 1153
4209 1503
3968 637
4211 1330
5974 1217
4613 120
7470 734
4217 1051
862 1732
5569 1051
3081 476
4219 74
2147 599
5685 224
4222 1478
1564 509
4224 761
5557 1623
5446 720
6643 1303
1333 66
1601 830
1204 763
7328 1528
4232 426
7154 1427
2132 729
4235 1359
4683 1226
4237 1748
744 30
4239 173
4240 1213
541 1207
1731 955
6729 1673
2678 1216
7859 308
8311 1493
2238 819
8238 189
4885 305
4250 1013
6363 1261
6834 678
8852 1191
5711 237
6517 191
1642 266
3124 314
2739 41
6664 581
4260 1547
4261 798
4751 379
4523 769
4264 476
1097 1621
4266 835
4267 1648
1498 130
7543 993
4103 1250
350 617
4272 256
4273 1139
4274 1485
3062 306
6200 468
4721 1658
6201 21
1172 1191
8655 1307
2218 1706
3068 192
1388 1736
2366 1477
4285 25
8579 653
4287 1416
3673 1702
3667 1204
3767 1434
5817 683
8205 1306
7104 766
2778 993
4252 678
8215 271
2194 526
1415 1204
4299 1259
553 764
8362 558
8223 182
6100 878
1662 1159
7665 675
4306 285
3834 1564
4308 135
8385 855
6885 282
4311 1577
6676 825
233 449
4314 811
5623 1400
8621 502
1070 1644
8101 609
8501 1355
8562 818
7241 1124
8287 1114
4323 38
7026 1196
1667 1039
8012 527
212 1136
4328 598
4329 1462
3731 260
7943 550
3374 1246
4333 963
5132 1117
8313 1108
5029 1535
107 1478
4338 1708
4339 519
3562 1541
4341 407
1019 1578
3017 181
2014 315
4345 1683
2781 307
7414 650
3466 1458
3509 503
477 1635
4040 1761
3600 1315
4464 651
311 1678
1888 1160
4356 463
7227 291
7773 902
1152 856
5846 12
3279 43
1455 1026
4363 1631
945 970
114 1230
5553 1784
8245 632
4454 73
4369 1184
1448 1694
4325 1039
1952 16
4373 815
7903 1697
6616 1776
4376 1216
8768 1566
1832 731
6964 371
7284 1701
8081 441
5150 421
4661 930
860 391
631 748
5303 788
8890 1277
4388 182
4389 1115
5540 33
7283 791
7108 1498
5368 312
365 931
7127 1045
5790 1520
2948 197
790 911
4399 1194
1125 1197
5921 1343
763 70
6234 1551
1943 986
2212 1625
4406 623
4407 1651
8862 1457
4121 674
4410 397
96 891
7339 1576
3397 807
4443 664
2270 196
4416 1224
4417 1715
4418 1037
4419 525
4420 282
1710 1479
3707 1122
3645 411
6966 1645
3288 1667
8724 360
4427 1797
2250 1092
5344 32
7043 350
6193 1392
4757 1521
7147 212
715 842
8841 1766
2390 570
728 37
3453 1360
8211 1431
7726 429
3479 1766
4442 230
4414 664
3580 1772
4245 308
8762 420
4083 333
4173 1566
7871 1320
8280 1641
7901 1591
2016 310
427 1708
4368 73
4148 274
4809 1516
613 1591
2694 66
8887 804
7584 1463
5966 570
4462 948
3246 144
5893 651
3649 290
4788 1683
4467 119
4468 1403
4469 590
7691 1719
308 1421
6057 601
5080 1239
2880 1309
8298 1119
6583 263
1318 670
5348 1287
4479 1498
7810 1175
4481 200
7853 1632
4483 1339
3718 1647
772 1532
7867 492
1549 1768
4488 443
2861 1381
4490 1714
3529 1749
3747 1185
2883 614
7997 180
4495 823
1069 1571
4497 1019
4498 1670
474 1295
814 1407
3604 1209
6367 519
6169 800
3949 1561
4505 1081
5403 393
4507 711
4422 1122
4957 752
5897 1371
4511 713
4512 900
7653 937
2994 380
7820 666
4516 740
4318 609
4428 1092
8740 578
4520 915
1181 1480
1268 145
4263 769
4014 1469
2042 1614
4538 968
6407 1764
4528 1656
4529 81
4435 1766
4531 636
7501 1785
4630 1554
5389 1364
8416 223
4832 111
6814 1231
7422 968
1833 337
7833 1003
6435 453
5395 447
8944 159
5563 286
5914 1465
6959 115
4547 1310
5445 1425
4549 669
1266 1081
4551 1066
7849 594
7874 1041
3713 1558
7764 315
2771 1638
5812 264
6097 218
4872 1459
3863 1448
1451 195
437 202
3022 1006
4769 1751
3883 171
1777 464
8118 359
5806 1685
135 1021
8052 401
4571 1313
1577 908
2613 635
5611 806
755 1237
3132 75
4577 723
5173 148
4579 444
4580 1533
1174 1062
3639 522
7384 808
1649 58
2206 1680
7309 538
4587 554
6316 589
4589 963
2106 1420
4183 1750
4335 1108
3566 1411
851 299
4109 989
3694 1780
4597 1139
1768 1570
492 225
4600 497
5082 1662
7991 1273
98 477
2720 545
4720 1110
4682 1719
5117 832
4967 971
8910 785
3636 982
7461 749
7163 375
4213 120
6333 1582
4615 535
8577 95
6929 822
6461 499
8374 664
1676 64
6356 118
405 780
4623 1013
3592 783
7649 1695
2449 1806
4627 1494
3622 154
3972 39
4533 1554
7271 1556
2516 1688
1820 269
7115 523
949 914
787 926
828 986
3073 1157
8197 1483
8625 1363
6726 847
4642 475
3678 1466
4644 426
749 1465
7378 1746
4496 1571
2829 1199
8138 1428
7228 1742
8010 1489
2140 1310
930 1253
8873 703
5699 1110
3046 1266
4657 443
4658 896
4659 687
4660 992
4071 930
5591 904
4663 1548
3051 520
6984 1488
4666 1583
8886 897
5706 1151
7371 55
3973 374
6536 189
3925 1655
486 478
2504 374
4675 628
3037 1172
1246 1516
3404 1508
4177 34
3551 469
2112 1063
4606 1719
1306 1226
4684 1110
4883 956
6365 104
919 388
429 1329
3413 1399
8573 507
7464 413
5138 1277
5147 816
2009 1170
2104 326
7766 1267
6274 1499
4698 1544
1431 399
6693 738
8551 684
5278 1782
1647 1494
4704 1035
1570 62
4706 302
4707 1604
5951 665
6652 1189
5688 303
2477 684
4712 155
2225 1654
7567 1064
6220 204
4716 769
4337 1478
1572 867
4031 1472
2383 1110
4277 1658
1638 875
162 528
7483 1206
2772 121
4726 291
4727 1191
4728 166
5361 1011
1905 648
6613 1399
686 157
8079 1487
157 1007
1262 1542
927 21
4737 629
6414 1771
4739 771
7935 999
4123 1061
7145 1183
3944 489
4744 458
3211 1105
6582 2
4747 1313
6460 1412
1738 423
7255 1710
3905 379
3525 345
5948 343
4754 1014
6311 232
8423 432
2990 1521
3711 621
6339 13
4714 1064
5555 623
4762 977
4763 1730
2524 614
2718 732
7632 1666
6002 1682
3726 1467
7073 1751
181 254
3620 897
4772 456
6415 1288
4774 723
4775 1298
6853 251
4777 1437
5316 691
970 662
202 1533
5021 924
4782 58
6265 1595
2734 1501
4825 143
4786 1487
1103 1682
3391 1683
6092 1430
4319 1355
5450 1241
2208 498
3728 234
2075 1567
4795 691
5693 1048
3862 229
7633 102
3431 1072
407 1675
5251 1186
4607 832
4803 1630
6704 154
1506 296
5383 169
8309 352
723 884
8123 1516
1519 1615
4811 785
1826 48
4813 389
867 483
3912 1417
760 584
4817 818
4982 1183
3663 1127
3572 613
8214 1646
4837 174
2791 1382
5329 356
5402 143
1284 1236
7921 653
4828 246
4829 270
4350 1635
8897 9
2111 111
8111 627
2593 1115
4970 606
1332 757
1751 174
4838 991
7059 1733
4840 1525
7552 1608
4842 1299
4843 915
4844 1422
4845 1553
2937 433
4129 985
5378 147
4692 1277
4850 854
1669 175
4852 613
3301 456
4296 271
5552 1675
4856 829
7907 392
5058 576
8639 279
3492 1600
4861 1616
1551 1290
7527 244
8357 347
6251 57
4866 721
5570 418
8713 335
6144 1406
4870 1469
4048 97
4559 1459
7783 786
4604 545
7648 899
4876 1219
791 1773
6677 309
3016 198
4880 1771
4881 1154
4882 849
4685 956
885 679
815 305
1180 801
1320 1714
2749 3
4889 1359
5655 708
8619 1400
4457 1591
5013 802
5311 1555
3976 294
3486 1146
4897 1205
6735 1574
4899 1413
5736 1635
4069 921
5322 685
4903 984
2964 471
4905 708
6619 1019
1983 946
2600 355
5265 1285
5673 1263
2622 1287
2045 643
7611 1596
3476 145
4915 579
850 1070
7525 1421
4001 1132
4919 821
7969 667
155 529
3771 451
6890 116
3434 874
4157 408
1513 1244
376 1280
3885 708
4929 821
4930 1760
2630 953
141 594
3203 11
4934 345
2654 227
6126 364
5649 1520
1090 560
7692 1103
4940 90
5381 481
793 239
1277 1640
4944 1426
4945 1507
8815 307
8517 357
1200 586
1659 1578
3102 1358
1010 1355
5301 860
4953 869
2462 1288
4955 1662
3515 698
4509 752
6606 1573
4959 632
4960 179
1623 259
1798 1753
8748 100
6659 197
8459 565
530 543
4206 971
7246 378
6540 899
110 606
3716 1069
798 350
89 378
6699 542
8243 492
3553 467
8345 1443
6553 1127
31 859
391 10
4981 1656
4742 1183
4983 1709
3159 1641
7181 431
4456 1516
4987 73
7010 768
4989 729
8209 591
4652 1310
5963 957
4993 1143
5460 1060
4995 1349
4996 482
7699 1414
1287 1319
4019 291
4038 1318
5001 871
6114 543
8505 1427
3369 846
3384 1370
1199 1723
6858 1739
5008 175
8717 1652
2681 1086
960 385
3249 997
4893 802
5014 337
6980 1774
7492 1532
5017 495
2952 1326
4961 259
8816 1034
6973 924
4654 703
5023 622
2953 1704
6627 225
454 492
5027 735
5028 578
4336 1535
684 1275
5031 1008
3681 1486
2783 1022
4709 1189
6640 400
6661 1463
5037 547
7261 1275
142 116
5040 890
5843 529
2831 562
6017 695
7769 757
5045 1000
1746 1416
1124 1242
6499 82
3214 1204
5050 1231
5051 432
5052 925
7568 1774
1736 569
4807 352
5056 638
5057 145
6528 576
8836 1014
1805 517
7535 126
4794 1567
1263 937
658 382
4585 1680
5064 382
6903 784
6794 947
5797 422
5336 875
2306 1311
8771 415
5073 387
5390 1221
4800 1675
5076 793
5077 1043
6683 651
3952 148
3277 1239
462 814
4601 1662
5083 142
5267 240
5085 1014
3014 812
5087 1176
8804 465
8143 911
3460 225
6573 1617
8383 448
8057 1757
37 1375
7759 775
5096 106
1844 1201
3514 799
4361 43
8398 1252
5101 733
8201 608
2138 1128
7674 203
3245 1178
6248 1129
5107 1443
1081 1465
682 839
2343 1010
1120 1162
5112 1738
4980 10
6479 630
2621 72
7814 429
7889 832
640 587
6703 123
1608 1000
895 146
5122 467
481 489
7922 923
5125 580
2380 1350
5127 610
896 820
3675 1069
5130 1787
3959 254
6646 1117
8424 667
5134 31
6922 1368
5136 297
8875 694
4849 1277
6308 141
2466 1047
2371 1798
5142 1559
5143 1481
2015 1234
4966 543
1414 1332
8606 816
629 794
3131 907
201 421
5161 1561
5152 1666
5154 555
5851 555
5432 1763
7549 351
689 1578
5158 1179
6000 664
3565 541
250 1561
5162 1498
6845 366
6937 1486
2038 1243
6654 318
6353 1718
5213 1496
5169 858
7605 566
5171 895
3385 817
5079 148
3146 1423
1606 14
876 548
4819 1127
7708 846
1937 1198
5022 703
681 128
5182 942
5183 605
5184 518
2886 1653
8943 302
8822 1266
129 1758
3540 979
2928 1168
3028 97
5192 217
5193 914
7033 470
5195 1537
5196 16
2870 556
3794 1291
616 1192
5200 816
5290 399
5202 347
3569 164
1329 918
214 631
5206 714
1484 1798
5208 742
5209 896
5210 575
5211 1340
7523 462
5708 1496
5776 1032
5215 1456
1555 1284
5217 1597
333 1648
4969 899
5220 1103
2433 1781
4979 859
8007 1221
4586 538
5393 858
8165 68
4476 263
5661 1567
550 187
721 1649
1978 592
1922 1698
5334 545
8429 251
8324 139
71 391
5237 227
5752 465
7301 1396
8913 436
1390 1010
5327 1269
5618 611
2663 516
4242 955
315 1436
5412 1284
1344 747
2353 1601
4916 1070
4801 1186
2256 1181
4503 800
5415 445
3387 470
1896 1692
4093 1712
946 191
6388 793
1916 901
1926 407
3229 1028
6012 372
5264 1672
1756 1285
5266 1490
8166 240
410 581
5269 402
6940 1610
2467 1510
8451 787
5273 939
8915 1134
5275 1540
5276 509
3994 1057
2986 1782
5279 985
3484 1285
5281 470
1062 112
3310 1258
6589 1092
3522 1442
5286 1474
2188 188
6392 344
5289 1066
4699 399
565 67
1217 238
5293 450
5294 299
8146 540
5296 214
5297 883
8204 1211
7129 1223
3343 1575
5500 860
7102 1215
8125 788
694 1688
7970 425
3578 33
6705 1359
1976 1496
8356 1061
5310 123
185 1555
6453 641
2320 1359
6317 1598
5315 1625
1818 691
8152 390
2032 1611
5319 1382
5320 1093
1312 1686
1046 685
5203 164
6775 174
4050 1346
7136 67
7132 1269
797 1111
6448 356
3440 916
3262 226
7978 730
5333 732
5233 545
5335 216
5070 875
217 604
4954 1288
2036 257
5288 344
5341 641
3825 1274
7715 486
7171 32
1780 154
3753 69
8919 270
4478 1287
6171 318
1970 913
5940 1543
2557 180
476 56
1165 1535
6009 788
5356 796
5357 883
1612 728
5359 35
5360 1680
8765 1011
1823 620
3335 325
4793 234
8889 242
2885 173
3407 43
3200 312
4387 1277
2775 104
267 1606
5007 1739
5373 215
5374 988
5375 810
5376 1769
2086 480
6464 147
6145 792
6707 275
586 481
8718 1253
4806 169
5384 1774
756 1223
4381 441
2492 372
8147 5
4534 1364
5074 1221
5391 1207
5392 334
7994 858
5394 630
4542 447
5396 1395
5397 1377
8683 387
5879 277
8563 360
3690 385
2290 143
2553 393
5404 1724
5405 184
1410 487
8086 1535
5875 348
8124 400
7968 716
18 1576
5216 1284
2066 1765
1336 217
3443 445
2556 1027
1225 1491
5465 752
5419 1272
6135 249
2451 415
4474 1309
7698 1549
6442 621
5425 608
6590 138
5427 1076
3822 165
6956 230
1083 1779
7288 334
1828 1763
8917 1043
8167 241
2727 379
7303 1547
5437 532
5438 1153
4021 361
8961 1255
2157 1325
6379 845
811 631
5444 1518
8858 1425
2824 720
1184 579
5448 610
5086 812
4791 1241
6338 1301
5452 1376
4911 1287
856 200
5455 1805
7563 745
269 639
5458 330
6329 374
8119 1060
1489 500
459 1023
5463 1238
577 814
3909 752
3430 205
5467 841
175 1394
490 1140
3786 819
392 1241
6673 960
2692 157
5109 839
5433 1043
7332 490
289 383
6285 1806
2274 274
1847 807
5730 297
5482 382
3150 1167
210 977
5485 683
8560 1058
5487 853
1248 329
5489 680
662 851
595 131
3781 1618
6074 730
1956 1439
8314 440
7672 221
8705 55
1748 734
7214 1019
6888 860
295 1060
5502 1755
6183 1299
5504 335
6018 620
5506 1607
2182 1438
2882 92
7394 381
1665 124
5511 193
4836 757
5513 1667
2093 1225
5515 1724
4153 944
1655 1703
7298 986
7855 868
5520 842
8154 873
8712 1337
3888 1598
5524 683
3527 727
1085 988
5527 1155
5528 642
8872 262
8202 1334
1264 1568
1622 1550
2043 1684
5534 1566
8289 1481
6796 1214
8751 1483
5538 1511
5490 851
1686 33
5475 1043
8058 1101
5543 1389
4526 968
5545 293
8476 1163
5547 1215
2089 153
4065 1437
7032 1775
5551 896
1462 1675
1234 1784
2297 1435
641 623
5949 1580
7803 1623
3889 1174
8491 989
8259 1335
6988 1031
5562 688
4544 286
5312 641
4731 1399
7754 1086
4394 931
1675 264
8042 1051
4867 418
4448 1566
3947 544
6724 380
8732 1710
5575 213
465 1249
1977 1367
5578 1129
8554 1372
6838 219
8392 1699
5582 335
2943 1148
849 1287
602 1676
4701 684
5409 400
7285 304
1467 582
8344 457
6163 904
3446 1352
5593 782
3053 82
2835 434
5596 422
5597 1196
4640 1363
5599 1610
6293 4
7345 1250
7911 865
4210 637
4212 1217
6255 659
6153 504
545 1068
4593 1411
472 16
8667 707
1005 806
5612 611
3784 504
3854 968
630 541
5616 454
6855 1695
2634 611
4805 296
3496 1155
2699 1543
5622 211
4891 1400
2393 1344
2752 317
1029 980
864 645
3109 61
5629 329
7872 1114
7327 1222
4452 310
8274 265
6603 1778
2561 1369
2906 549
3238 307
3657 983
5639 1148
3055 1438
5641 173
1701 809
8750 1588
3988 1033
4674 374
5646 233
47 373
3026 235
4396 1520
408 17
5494 1439
3065 1804
1576 967
3083 53
4890 708
4816 584
7388 491
8405 1024
125 1485
1779 1594
5062 1567
7663 945
5663 1547
248 259
5180 703
1776 1283
5667 1231
5668 246
5669 1414
7694 477
6218 1013
5672 1689
4910 1263
7177 324
5675 822
2125 1279
5677 1074
7515 358
5679 681
2782 1523
6614 104
5682 1335
8810 1252
1101 310
6450 224
6771 573
875 20
4710 303
5304 1688
6958 408
99 1225
5692 1577
4796 1048
2869 930
4936 364
5696 242
5697 1803
516 621
6932 1110
1474 1796
5701 779
7908 1643
5703 1732
6869 1677
7716 595
8255 1151
352 972
6871 1496
7117 1710
6618 710
301 237
1913 1725
5713 726
4205 437
471 229
4203 1337
8172 882
5718 59
6632 1430
8105 1489
3501 1036
6615 895
3679 1624
1712 1168
3421 1758
5726 528
5727 16
6571 1286
7701 692
781 297
5731 1459
3173 1109
983 1323
5734 1333
5936 176
4830 1635
6809 1348
7868 1664
7063 569
5168 1496
5221 1781
8672 423
8020 1717
3797 1451
2797 206
5746 531
5148 794
5748 108
5499 1019
5750 1174
8849 1223
5088 465
2799 182
5754 1050
5964 1193
3007 1615
5757 1019
7028 1619
4125 664
7185 1254
2114 331
5762 254
5763 531
3164 1583
5728 1286
1761 348
800 430
8473 1605
5769 1525
1592 295
1025 1336
5772 599
6055 96
3609 547
8504 892
504 1032
757 52
5778 1745
7034 1084
5906 1162
5781 982
1011 184
7161 1433
8030 1252
5240 436
8888 288
2446 1449
1632 1283
1129 1627
2236 1520
6051 1195
7287 1447
868 1727
6465 1177
5795 182
7194 1271
7044 422
5798 389
1045 467
102 1599
6502 401
3613 697
1271 1806
6586 1123
2436 1267
4568 1685
3800 1447
1511 1762
5809 1789
5810 304
4826 1236
5568 264
1362 1701
4631 1556
1866 1280
1445 661
4291 683
6700 717
3986 172
5820 168
5854 1113
6131 1510
5823 1340
3084 1212
6974 1734
3414 1429
7696 102
3323 419
2257 748
2809 259
1988 1270
5832 992
60 1232
4115 727
1588 706
7655 33
3998 589
5078 651
5839 981
441 301
5841 1315
5842 148
5041 529
5844 752
7062 746
7819 12
2153 1164
5848 1398
4353 651
5850 1670
1705 555
5852 460
989 1639
5821 1113
1864 1090
77 1296
8523 119
5571 1566
1771 1233
5235 139
754 983
4973 378
5863 99
5417 1491
7260 243
1299 1728
8802 302
7114 1455
8249 458
6494 1402
2110 1775
1908 712
1764 136
7408 1557
5766 348
8437 1376
1167 100
5878 1518
8589 277
6962 1003
7709 249
8616 868
4026 565
2475 1637
4575 1237
2788 629
5887 608
5888 1008
5889 808
637 1541
4799 1072
5035 400
5838 651
5894 267
6997 1171
6504 1410
8431 1371
3418 453
3487 1423
5900 585
1044 144
2122 1661
5984 857
6575 1303
5244 516
5111 1162
1057 1654
5908 1197
7913 1565
8902 1311
174 113
3528 772
7967 1460
5108 1465
4561 195
1851 1159
5917 832
5918 591
7068 561
4501 1209
2529 1343
2181 1802
2345 358
1829 538
4695 326
5926 1347
5927 993
6241 1678
1186 1304
2969 404
6679 1222
3860 461
2774 446
5934 767
8067 1664
5735 176
2604 1056
4397 197
912 339
5621 1543
948 216
1975 969
1409 1460
6165 97
5434 241
4194 1234
7628 1443
3299 343
5556 1580
1305 204
1500 665
7273 44
8014 684
1494 1226
5955 1321
8812 1652
6350 121
5958 90
6808 798
4975 492
3961 247
4400 1197
4992 957
254 1193
7239 1079
8496 570
5967 652
5968 701
8373 585
4130 998
8658 399
993 208
5973 63
921 1217
2716 1065
166 1795
5977 731
3788 1627
5979 702
6943 384
1127 140
937 133
1416 164
45 857
2970 686
7898 524
3049 1173
1873 587
8062 100
1865 560
6622 827
4293 766
8095 1442
507 57
7148 1087
5996 1095
6120 150
5998 657
2327 483
5159 664
6001 1768
4787 1682
8304 159
6004 651
6005 472
6056 1728
4853 456
6008 1491
4386 788
2695 920
8480 1330
5263 372
1936 983
6398 1155
1054 1321
1718 753
1629 695
571 620
128 682
2707 1193
7503 1451
4887 1714
4437 37
8773 1690
7450 38
2884 611
675 1256
3611 231
6029 359
2925 196
6031 760
1208 1001
2595 415
6034 1441
4077 169
3802 319
6264 406
7130 1665
7504 1273
1720 916
1289 566
6042 1028
3118 1529
4064 1514
7540 1622
6925 377
6047 185
8410 1602
2642 933
6050 1244
8430 1195
1477 8
122 1474
6544 1568
5773 96
7176 1728
4472 601
3790 1094
5531 1568
6060 1235
2721 522
8763 281
3589 328
6064 1101
1188 995
2360 558
1689 1216
7642 1620
6069 935
6070 932
653 695
6514 1219
5400 360
5493 730
3090 1565
3855 1531
2276 1527
5413 1765
5018 1326
6080 1035
7909 1289
6082 1603
6910 363
6206 208
6085 864
150 1432
3698 606
8188 496
6089 1464
337 896
8817 1684
5719 1430
7334 1589
28 1299
4583 808
1503 1341
1330 218
1737 474
4016 1620
7728 878
244 38
6102 793
6103 761
5785 436
6468 1251
2647 941
205 173
696 1708
3546 1469
1407 1456
8963 1759
6112 739
8185 429
5002 543
6115 109
7262 1182
6117 1397
6386 1397
1040 679
6133 150
4609 785
7641 615
2255 497
261 547
466 603
4020 364
1723 1772
5925 326
1301 936
4092 1070
8739 1510
6132 1284
5997 150
4602 1273
5420 249
1280 1803
198 145
2837 1038
7149 1463
6721 709
6511 101
3056 188
5149 907
4869 1406
3284 792
20 577
521 114
7864 1631
6149 739
2751 514
1842 1169
5855 1090
8959 504
6154 971
6155 83
3096 1152
8879 716
1981 659
6159 1121
4120 1543
6161 524
6475 457
3517 904
2810 1374
4871 97
6166 1293
2279 1000
2040 475
5253 800
5483 1167
3897 318
6172 1528
2161 280
5683 1252
2632 1700
1681 1182
461 1163
5157 1578
7489 1448
1787 1025
8756 1754
6182 1267
118 1299
3978 1802
3456 604
4779 662
2001 1504
6188 1372
6990 519
7116 593
3295 515
954 1515
4431 1392
8472 978
6195 821
3244 1645
5145 543
6198 388
8789 237
3700 468
4736 21
6035 169
6408 1635
6585 1135
7474 1194
5972 208
6674 1428
816 473
6209 1430
4907 946
2733 765
6212 828
6340 1088
95 107
7975 1804
2873 1256
6217 1391
720 1013
2850 500
4715 204
4227 1303
6222 751
8749 425
1424 715
3760 480
7627 571
6227 735
6916 760
4499 1295
6230 85
2893 517
6875 1289
3904 1667
6577 1551
1074 101
3457 910
1313 1137
1830 220
6239 1031
4327 1136
650 1678
8783 1297
3591 617
4564 1751
6245 1187
3816 63
7175 542
5106 1129
6249 1716
7892 1446
10 57
6252 409
6781 450
6254 1098
3008 659
487 1646
8753 782
6258 927
6259 234
6260 149
5589 582
6823 1503
6263 1691
6037 406
4783 1595
4292 1306
8735 1389
1497 287
2597 1245
4101 241
6271 799
1757 47
6273 1481
4697 1499
4098 339
423 1421
4700 738
6278 866
4651 1489
2375 1733
7090 996
5272 787
1533 1670
5932 461
2062 1806
4904 471
4312 825
8291 128
7107 1452
3703 498
369 779
6292 763
6754 4
2927 1760
8909 553
3810 1468
6297 406
3940 1104
8719 256
6300 687
227 1149
888 897
4875 899
6304 610
1591 889
4943 1640
6307 1757
3671 141
6309 303
340 1233
4755 232
6312 1387
6313 242
6314 704
3465 816
4127 589
5523 1598
4611 749
6319 74
24 967
6321 1636
3236 140
967 222
6324 1090
3332 384
6326 590
6992 381
6328 1116
204 374
6330 124
2673 1169
6332 890
146 1582
939 579
5243 611
4679 34
8227 1095
3163 1301
833 13
1486 1088
6341 1097
2955 1147
6343 172
6344 45
6345 85
904 1362
1128 501
4592 1108
6349 812
3312 121
6351 1400
7256 967
183 1718
2069 1585
6655 1049
4621 118
6357 1659
4358 902
6359 250
7311 1030
2287 1513
890 1563
7409 1261
3809 1750
5370 104
3156 31
2076 519
8056 695
6369 1444
6747 1603
6371 833
8607 634
1229 727
6374 853
8767 339
6947 232
1811 935
5883 565
1341 845
6380 1447
8934 1424
3955 1615
6383 840
7335 87
7959 530
389 1397
6441 516
2770 793
707 326
275 1725
3036 489
5340 344
2406 734
4797 229
117 305
8755 78
7416 865
5620 1155
3702 132
5624 1344
3997 417
19 1302
8041 971
499 365
6405 1044
1911 1380
4527 1764
3265 1635
6152 1090
6410 953
6411 5
1530 400
1596 1320
38 1771
4002 1288
1164 1625
6417 842
3142 1736
3502 293
6420 902
8708 13
587 1391
3963 205
2083 676
3241 258
291 616
4598 1570
1047 1153
881 1603
7720 64
6431 629
2780 770
4049 560
8500 1201
1170 453
6436 191
3581 571
8133 1585
8009 1530
5670 477
7816 516
6630 621
6443 1081
6301 1149
6601 1676
4342 1578
2940 124
7755 356
8179 638
1408 224
6451 1438
6878 889
5564 641
1517 613
2628 942
2004 410
7762 1640
6270 241
1929 1300
1323 1412
1023 499
6738 1547
7137 964
8746 147
1658 1177
8035 178
679 663
6105 1251
4391 791
7733 151
5542 1101
6472 668
7713 1601
6474 1745
6162 457
3813 1205
6477 1637
6478 1621
3120 630
1984 1482
6481 1074
5355 788
3983 1545
8665 1755
588 472
4548 1425
6975 602
6488 828
3536 1055
6490 701
293 804
6492 1211
284 190
732 1402
6495 861
7297 459
6497 755
3654 579
5594 82
6024 1690
6501 486
4570 401
2368 1532
5896 1410
236 1023
1358 1014
6507 687
3287 941
6537 854
802 125
8900 101
67 53
351 768
6072 1219
5174 1423
6516 1290
4255 191
534 1412
4367 632
1985 534
438 1270
1136 1242
6523 1035
6524 1389
1381 269
3623 208
6527 1238
4858 576
6529 610
169 1433
2899 1507
4625 1695
7372 632
7748 1073
623 1495
6905 189
6509 854
2676 1017
6539 411
1630 899
3899 475
5529 262
1644 1681
6054 1568
6545 71
6546 18
1015 1407
8331 690
2513 627
1863 1618
2409 635
5098 799
3220 1127
2900 1128
6555 1593
7731 806
3544 437
8267 1663
4188 1305
6128 326
2010 1632
2369 427
6563 1111
6564 483
8102 460
6566 987
7930 901
6568 1510
5722 895
8905 794
5765 1286
6572 306
8206 1617
2056 1038
5904 1303
6576 953
2578 1551
4689 1399
3918 458
7481 1630
8610 48
7624 2
3294 263
3234 1054
6204 1135
8307 1123
5741 1781
6588 1003
7013 1092
7479 138
8213 508
1437 51
6593 1244
8688 1611
6595 1590
5710 710
4691 413
710 1158
7751 42
232 1752
3395 1676
6602 571
861 1778
582 851
6668 1130
443 1573
6607 1252
4748 1412
6609 118
1750 1028
6611 1455
5830 259
4114 1399
4686 104
6569 895
3467 1776
6548 690
3647 710
5749 1019
6267 1389
4106 737
5991 827
6623 715
5659 1485
7135 1038
3375 1049
1807 225
6628 1478
1772 77
2482 621
3256 13
4789 1430
6040 916
761 1047
6635 946
3243 513
1429 649
6638 1675
7883 76
5892 400
4174 352
3177 1774
700 1303
7131 1728
2577 633
1624 1117
3981 238
2068 1588
3204 1457
6362 1563
3011 209
2252 1189
3744 44
5166 318
6662 1049
1438 1057
6083 363
5738 1664
4964 197
6934 152
6139 1463
6626 1049
32 367
4259 581
2115 907
6912 1299
1314 1105
6605 1130
6669 1077
4939 1103
8397 1036
863 752
2026 960
4649 1428
2438 394
6287 825
4878 309
2311 1557
5631 1222
184 1338
2659 388
6741 17
2702 651
6684 404
6685 1674
6686 1165
7685 1686
8128 446
7765 23
690 321
6691 1096
3282 1497
6277 738
7404 184
3160 1468
305 673
6697 1721
6698 31
6247 542
5818 717
4733 1487
716 838
6865 123
8790 154
5313 1359
1095 879
1507 275
3042 495
6709 945
1810 1215
2847 884
6712 1211
320 694
7353 1435
6715 460
5723 1624
8627 1173
8844 1666
6719 460
6720 1663
1190 709
6722 323
4078 1542
5573 380
6725 664
8229 847
145 1282
6728 893
4243 1673
1566 300
8602 113
6187 1504
6733 642
8222 18
3561 1574
7843 926
2220 1699
5436 1547
6739 1385
6740 1665
6682 17
3259 787
6268 287
7693 1694
2175 931
6746 1388
356 1603
348 1263
8333 739
8381 260
7647 929
6752 699
941 1452
5600 4
6755 1104
2308 1495
4680 469
4515 666
4405 1625
5633 265
6761 292
6762 991
6763 1082
2408 429
6765 1629
6766 652
228 197
6768 1492
4648 1199
80 1017
5686 573
432 411
5225 858
6774 447
5324 174
6776 396
72 1089
2489 726
8054 45
6780 142
6253 450
5700 1796
5709 1710
3339 1429
4364 970
6786 597
4037 1771
5207 1798
6789 680
4998 1319
6791 1537
5745 206
6793 328
1386 947
2328 1381
5536 1214
8553 1777
8801 991
6799 1000
7601 829
6190 593
1605 1208
5799 467
4687 388
6805 1432
6806 1759
8978 990
5959 798
1378 1348
5532 1550
2946 360
6812 1614
1855 1418
258 1231
6813 1418
3892 1642
6817 643
2765 50
3462 525
4440 429
6821 134
6822 1596
8241 1503
3705 1800
8629 861
6090 896
156 244
8264 1778
6829 1759
6830 813
6831 286
3939 1532
6833 1743
7956 678
1568 1069
7940 1459
6178 1578
7516 219
7662 49
5468 1394
7902 156
6842 333
6634 1047
113 1472
5163 366
6846 736
5647 373
6848 225
6849 671
3309 1556
398 1612
6852 566
3394 251
6854 199
1483 1695
2668 529
6857 55
5372 1739
7980 93
5469 1140
6861 1444
2054 47
7267 607
853 669
5119 123
6866 866
7770 1492
2404 508
5704 1677
7088 427
5308 1496
8785 633
570 1527
7264 959
8353 1289
6876 52
6877 5
6305 889
4378 731
8092 600
396 478
6882 1578
6883 1557
1904 47
4310 282
7801 1044
7399 1117
260 860
2971 988
5039 116
6891 177
8951 1154
656 34
1464 815
1899 1722
7577 76
6010 920
7623 1376
6899 431
6900 223
8037 1649
6902 1474
8421 784
7539 1277
4671 189
7657 1183
5626 980
8640 600
7480 75
115 363
5592 1352
6666 1299
6913 959
1281 1643
6915 257
6228 760
6484 1755
6918 1651
246 643
801 757
6556 806
8327 1368
8962 889
6924 168
1114 377
6926 564
6364 1750
7861 49
4154 822
1349 289
7955 1781
4605 1110
4780 1533
1745 152
6935 1420
262 1293
5032 1486
8566 488
5760 1254
5270 1610
2160 274
6942 118
1782 384
3915 1703
5992 766
6946 353
8795 232
4646 1746
7302 380
1815 1322
4718 867
2454 178
4886 801
3353 1752
5362 620
8352 230
2405 778
7813 408
4546 115
5309 1061
371 185
7854 1003
8630 1006
8657 371
6965 612
8660 1645
2196 1585
235 1211
6969 940
1436 1049
742 1112
6972 122
4781 924
2625 1734
4146 602
6368 695
7316 20
6978 667
963 1672
2620 1774
8191 1526
3564 1624
2152 785
3634 1488
2139 197
7054 91
6987 112
5561 1031
5480 807
6189 519
6991 1245
5509 381
3808 318
6994 1131
1304 1317
4404 986
8572 1171
1363 1436
1760 171
2848 1119
1869 8
2650 1652
8854 334
7 1062
4122 1354
7006 894
7597 1331
934 1235
8434 231
2877 768
7011 956
3803 663
5284 1092
3979 1109
5379 792
1076 1680
5533 1684
7018 983
3075 520
2262 1230
2197 1591
7984 790
7141 1394
4199 853
7537 1634
4324 1196
7027 1196
373 1619
2183 650
7250 1341
7031 1546
1660 1775
5194 470
1206 1084
7035 1748
3050 346
1377 889
8952 1228
1616 862
2789 210
8788 1713
3991 560
8096 350
5069 422
8106 731
2441 1792
4165 1102
7048 578
1788 322
7050 1290
576 1029
2898 152
1974 1476
8513 91
332 677
7056 427
3402 1455
2099 1606
6280 1733
5604 1217
2581 1668
2558 746
5054 569
7546 1249
7065 468
7270 1441
1250 440
5919 561
7069 1579
7070 1424
3539 1624
6665 907
6244 1751
1425 1789
1252 1440
7076 1621
7077 313
4196 1125
7079 1266
7080 408
7244 262
4409 674
7083 1340
7258 550
7085 714
579 485
4178 588
3205 427
1221 1067
6281 996
3474 743
7092 98
7093 1134
6045 1622
7095 161
7511 830
1528 1360
7249 1353
7099 448
1835 659
447 1039
6710 1215
523 1248
6945 766
4974 542
8055 719
6753 1452
479 1498
8679 1767
6594 1611
3510 804
7112 1751
3942 1473
399 1455
3437 523
7430 593
6783 1710
6785 970
7119 538
7120 201
5993 1442
825 790
7123 1255
3000 79
7125 998
7126 671
4395 1045
2330 1239
5751 1223
6038 1665
6644 1728
1138 1269
2584 758
7134 219
6138 1038
5326 67
7827 964
7138 777
1515 559
1060 1069
6840 1394
7142 1639
6322 140
1156 89
8008 1183
3001 596
8252 212
1991 1087
4460 1463
5947 1443
6111 1759
3625 1388
7153 1294
5003 1427
7155 1274
5828 419
5537 1483
7158 1342
61 1157
730 96
5783 1433
7952 1380
4612 375
7164 348
7165 456
500 1054
7167 1288
1955 1075
7169 1085
1938 487
3935 32
5935 1664
4383 930
6151 1169
1742 542
6006 1728
5674 324
1130 1015
7179 390
2453 479
1861 431
1556 192
8954 1253
3113 1054
3082 1254
1325 769
2200 656
3656 1696
1454 1441
8224 930
7191 1780
302 731
7193 323
5796 1271
4524 1469
189 1064
7725 1797
8742 261
2965 663
7321 1663
7201 1595
6237 1137
23 18
3292 1004
7205 1112
7206 466
7325 704
7208 108
4197 480
1683 1455
7211 1179
1389 946
7213 707
4906 1019
1443 1184
4030 426
435 726
5895 1171
8387 321
6429 1603
7221 516
8253 506
7659 28
297 211
1366 1016
21 1536
4357 291
470 1742
3763 1804
8754 1351
6347 501
4917 1421
4085 761
2966 1720
5055 352
6930 289
8811 1180
6068 1620
5965 1079
8164 491
1470 1124
2611 1270
7152 1388
7081 262
7245 1479
4968 378
4349 503
7248 1393
3206 1353
2842 1341
2509 850
1144 679
179 35
7254 118
5574 1710
1346 967
7143 140
4331 550
529 1347
5865 243
1480 1275
2084 1182
2143 337
6874 959
2209 374
7266 1076
8414 607
7894 1258
5514 1225
3595 1441
6850 1556
7272 1752
5952 44
5204 918
6184 1802
7787 432
364 1707
7278 1342
7329 1679
3361 1595
7281 392
4746 2
1391 791
5813 1701
3946 304
7286 1636
8470 1447
5431 334
3416 449
2357 1594
6122 615
4584 58
7047 1102
7294 433
7295 498
7619 1042
6496 459
6996 986
7299 1471
1510 1150
2187 1396
8680 380
6462 1547
514 513
7305 1404
7306 274
3853 628
29 977
7795 538
4745 1105
7651 1030
7373 366
6798 991
336 168
6137 145
5687 20
7317 376
3180 494
7319 1176
824 462
7200 1663
1013 10
3766 2
8389 1161
7207 704
1003 640
8149 1222
3648 1528
7279 1679
7330 1735
1912 1618
5476 490
5882 868
6093 1589
1098 87
7308 977
7337 1626
8043 395
4412 1576
7340 482
108 705
2278 761
7807 25
5995 1087
5601 1250
7346 1746
318 1126
2023 1105
7349 1345
7350 6
7366 680
5043 695
5554 1435
5782 184
7355 1107
4771 897
6269 1245
6892 1154
6689 23
7360 138
729 580
5302 1215
3941 409
8239 1793
7365 1633
7351 680
7367 603
8653 824
3139 430
4116 1026
5497 55
6519 632
2427 366
4938 560
2741 1457
7376 724
2844 1775
6948 1746
7560 183
15 628
7904 699
6960 1061
5095 775
2924 808
7385 1572
7386 396
7387 562
8601 491
7389 266
8100 342
5577 1367
7392 239
1854 1419
6327 381
7395 903
5856 1296
8878 1462
7324 1161
2465 1117
8254 1210
442 721
2178 1041
2259 1497
4207 184
1403 1411
7274 918
7407 289
5874 1557
2653 1261
2947 1153
7411 202
3680 624
999 1672
7029 650
4233 1427
4135 865
3025 1018
3913 1338
5103 1128
7420 340
6769 1199
5544 968
7423 1570
3878 117
2911 1487
7426 848
5942 969
2003 1786
4543 159
774 593
7431 408
7156 419
7433 1461
5380 275
7777 353
6600 1752
7437 675
7438 28
7439 1002
256 1568
2359 1234
2430 689
7443 843
3138 39
8094 183
2487 825
7447 888
1615 763
3006 190
6101 38
8428 1671
7452 783
7453 117
5739 569
7455 1560
7456 800
7036 346
7458 690
6550 1618
7023 1394
6318 749
6788 1798
7463 805
2967 413
3770 1613
4076 1338
1877 713
7468 370
7469 1660
962 734
7471 210
819 116
4958 1573
8200 1194
4351 1761
509 1131
3186 1320
7478 1605
5426 138
4576 75
1529 1630
5640 1438
4724 1206
7484 394
7485 1671
7486 1348
4185 276
7488 530
7522 1448
7490 847
8645 1138
5016 1532
8643 110
7494 1744
4920 667
2294 528
1235 774
7498 45
7343 25
1586 949
666 1785
8485 1711
8725 1451
6134 1273
4563 1006
7506 892
2017 922
7884 1720
7509 1550
5985 686
7931 830
3078 682
2399 1768
7514 629
1834 358
5580 219
7517 1607
7518 132
4136 442
7520 631
1583 137
6179 1448
5212 462
1227 292
4471 1421
8140 95
6827 244
1735 1671
7710 1077
434 492
7531 412
7532 525
525 1722
7417 1018
5061 126
3856 1266
8729 1634
7538 1260
153 1277
1236 1622
2934 885
8649 1593
572 993
835 1536
6887 1117
5576 1249
5590 457
7548 1045
5156 351
7934 1113
426 1136
8419 1608
4438 1360
3436 840
7555 1752
3891 236
7557 847
4643 1466
7559 1034
8947 183
7561 1714
1294 1390
44 745
7607 856
7565 1435
2058 927
4760 1064
6642 1774
7569 911
7570 1444
3740 848
2891 1717
8539 1228
7574 1764
287 1642
2684 825
6639 76
7578 719
7579 366
7225 1016
7581 15
7533 1722
1923 1558
726 1463
223 78
8799 568
450 1464
7588 1267
3322 1248
460 1444
7591 1098
7342 761
7593 610
6295 553
4257 314
6058 1094
964 1331
7133 758
8792 1613
7600 858
6800 829
4521 1480
7603 552
5155 1763
5170 566
349 1743
7564 856
7608 546
3435 887
7610 1545
7982 1596
3762 1173
2552 754
627 931
2766 935
7791 719
7233 761
7618 1095
7296 1042
8445 419
2550 282
3739 589
6898 1376
7323 2
664 1240
1177 912
8346 571
252 1443
3676 26
1398 490
1471 1369
7946 1666
660 102
2232 416
1441 555
7636 1587
1176 1393
7638 1708
3127 1220
7640 1701
2610 615
8677 1620
7643 582
2803 1450
7645 323
8495 1063
6751 929
5219 899
6532 1695
5191 97
6360 1030
7652 1404
5063 937
3392 716
5306 33
7656 843
8097 1183
1478 900
7223 28
2469 485
1730 1068
7730 49
2497 945
3749 817
4305 675
8378 694
2342 718
8305 109
2687 840
2651 902
2959 1562
2817 221
1244 909
5104 203
2514 1586
8372 434
3642 803
7678 1325
779 479
4288 1702
3268 1502
5950 204
5160 541
1846 1278
5321 1686
8332 1411
7706 943
238 186
2983 1789
187 86
3776 1719
2377 1103
1493 1694
1384 477
7695 1593
2760 102
4951 1355
5423 1549
1107 1414
5658 1024
5729 692
3344 1083
7703 382
8859 311
7215 1184
2523 943
3192 36
5178 846
5881 249
8593 1077
1935 1737
6773 858
858 1601
7621 282
5343 486
5705 595
6186 662
834 701
7719 45
4620 64
2202 1450
8782 735
7723 863
6795 1381
1635 1797
5116 429
1392 437
4303 878
7729 770
8182 49
6921 806
2249 506
1537 151
2064 1306
7735 1531
8299 1783
1733 1037
7113 1473
2228 782
7740 867
1245 890
1173 1761
7654 716
4010 511
7745 1066
7746 936
2227 1238
992 1073
5717 882
4113 1106
3548 42
1049 1692
7753 229
5566 1086
49 356
7756 2
8237 1098
7758 1386
7383 775
7760 1669
7761 166
3516 1640
7763 179
4555 315
2709 23
1256 1267
7973 1453
1295 1470
5512 757
1037 1492
829 137
3929 1214
6358 902
1116 510
7775 1376
8380 338
7435 353
1879 962
7779 1042
7780 788
3409 774
5199 1192
1453 786
7784 124
4935 227
8199 1790
7276 432
7788 313
8325 502
7790 1430
7616 719
2664 412
8071 625
7794 790
5924 538
5853 1639
188 54
7798 1658
7100 659
3233 619
6886 1044
7774 510
4225 1623
4321 1124
1910 869
3821 1464
3956 25
1215 1292
702 888
3937 1175
3969 1536
2037 1002
4925 408
1523 429
5398 387
1739 516
6236 910
7985 1071
2302 12
8567 666
7990 216
7822 1310
7823 236
7218 1171
7825 267
2710 1192
3473 964
7828 653
7829 488
6124 547
6694 184
2476 1328
4540 1003
6748 1263
7835 1519
4965 565
2583 1534
7003 334
693 307
7840 1361
1473 122
7064 1249
3347 926
7844 1219
178 439
5614 968
7293 1102
6625 1038
4932 594
2761 1172
6048 1602
7852 1338
4482 1632
5880 1003
3442 868
7856 390
2916 1205
7858 1264
4445 308
5114 630
6928 49
6013 983
1949 1719
6148 1631
2445 1181
7866 1357
4486 492
809 1664
7869 961
4446 420
6413 1320
3248 1114
4823 1382
7402 1041
8974 1286
7876 551
7877 364
3549 191
8196 463
2171 1621
2123 1165
4924 874
6896 76
7234 1720
2542 1356
7886 294
4294 993
7888 837
8544 832
7890 1626
2908 804
6250 1446
8290 1351
701 1258
7895 1535
841 1732
8628 824
8556 524
380 625
7900 285
3303 1591
2627 156
4374 1697
7381 699
3901 132
628 1678
1278 392
3975 1643
6081 1289
313 284
2113 865
7487 276
3020 1565
342 1765
4768 1467
7916 1755
2077 1333
7170 487
7919 1769
8426 1568
4827 653
8568 923
7923 1239
1874 1569
7925 1456
7926 1045
878 1413
8247 836
8838 1221
6567 901
7096 830
3758 1559
7933 1282
7550 1113
4740 999
7344 1087
2180 713
7938 1311
8488 1424
1894 1459
6176 1182
5198 1291
7084 550
5994 57
6232 1289
8555 1666
748 786
2976 173
990 1012
7950 1448
7951 1668
7162 1380
3111 1133
7954 692
6931 1781
4295 678
1961 1401
1133 771
3646 530
4863 244
7961 128
2865 1176
2283 1322
3367 163
6723 1542
5407 1535
5913 1460
5410 716
5133 667
5305 425
7971 184
7972 616
7767 1453
2510 407
986 1804
8540 395
557 71
1491 730
3157 1112
6859 93
7981 79
2960 1596
2365 1212
7022 790
2204 1071
991 1375
199 543
6658 1664
6286 471
5941 216
6039 1273
7415 1427
6995 1317
7712 858
168 638
7086 485
8745 180
5034 1189
2203 486
2685 1195
8001 874
2126 1356
8003 166
8918 473
4401 1343
8006 1706
5223 1221
6906 1183
6439 1530
3058 1489
5091 1617
8083 527
3438 108
5586 684
7052 152
413 577
1360 84
5625 317
1671 595
5743 1717
4678 1508
8022 1331
8023 1278
527 658
8025 127
8637 1542
536 1141
2022 1508
264 619
5100 1252
2019 1322
5978 1627
8033 971
5873 136
8698 178
8547 998
5230 1649
8038 740
7707 36
8170 47
6403 971
2832 1051
2378 395
951 496
5945 241
5671 1013
2586 1333
419 257
5228 1567
2805 519
3155 1584
1709 401
3408 540
6779 45
7106 719
6071 695
5093 1757
1969 1101
2670 466
8113 1040
5131 254
4963 100
4155 1214
2221 1202
8065 961
1945 1494
7988 1664
6110 1456
8069 1404
5530 1334
7793 625
1064 537
4384 391
2361 270
1487 1488
7976 395
3887 262
8078 215
7425 1487
8080 657
1239 441
3688 1555
1420 527
8084 713
149 697
7966 1535
8087 15
5418 752
8089 677
90 1794
8091 239
6880 600
3356 1436
7445 183
5 1442
4972 350
8829 1183
8098 438
8099 897
7390 342
4517 609
6565 460
8103 65
8104 582
4027 1489
6879 731
4978 1127
8525 1325
8617 817
8262 539
4833 627
8112 652
8060 1040
8233 1015
1789 1067
5352 180
8117 1501
4567 359
971 1060
1067 318
4723 528
634 120
4677 1516
5587 400
6482 788
190 766
8127 682
6688 446
8129 1730
3804 676
8932 1037
6895 1722
2213 1585
8134 1742
8648 163
8136 536
8137 461
6207 1428
8139 605
4616 95
8906 1539
2080 141
5089 911
4815 1417
4778 691
3500 540
5388 5
1112 826
5931 1222
3136 349
421 850
5317 390
453 253
1343 873
7646 1063
6530 1433
8157 61
8885 1454
8159 466
8160 1155
2612 1053
8162 1201
8163 1113
7240 491
5226 68
3108 240
3219 241
3463 572
1565 891
6272 47
3197 1005
7749 882
8173 1582
8174 1751
4208 1153
2933 1609
8177 221
8178 1082
468 638
2811 670
8181 1006
3670 49
8183 1219
691 1320
6820 429
7507 922
8187 1233
6088 496
533 1227
8110 539
3382 1526
4149 1709
8492 1091
4962 1753
3201 958
7879 463
1457 1483
5909 1565
8443 1790
2826 1194
3606 608
3665 1334
8203 1653
6968 1211
7734 1306
8011 1617
3 1755
3764 1484
4990 591
3380 1734
2243 1431
1012 898
6868 508
6256 1646
1212 271
3320 1740
4572 908
3341 833
908 1139
8901 818
8221 1357
6734 18
5753 182
698 930
5742 423
6194 978
2128 1095
8458 422
4641 847
6027 1256
2802 1099
8232 313
1450 1015
8234 163
3791 380
8236 814
7757 1098
8453 189
7364 1793
8240 59
877 1503
7686 1411
5960 492
8244 261
6533 632
8246 1433
8452 836
5257 1712
5869 458
8537 1207
8659 805
2580 212
7222 506
7400 1210
4668 1151
6489 1055
5232 1698
6118 1397
5560 1335
8260 764
8261 681
2309 539
8518 991
4013 1778
8626 1731
2541 522
4200 1663
643 1265
8269 1351
6993 318
505 1316
7192 731
2395 1802
8310 265
8275 1583
8775 885
4756 432
8278 1115
8296 1178
3857 1641
8281 1141
1802 871
7462 1798
8284 522
8285 172
8286 653
3393 1114
3910 1315
2722 1481
7230 1351
5181 128
4574 806
8512 614
2478 1690
4711 684
8279 1178
1993 24
7000 1119
2195 1783
1038 1741
8301 109
6957 778
4493 614
6003 159
7668 109
7259 1347
5804 1123
2321 500
6641 352
3617 265
4246 1493
5550 1775
3831 1108
566 440
8315 1085
2804 1753
4525 1614
8318 267
8663 1770
3130 1229
6579 458
8322 1552
8666 1641
8843 139
2280 502
226 1774
5135 1368
8328 863
5929 1304
8330 711
6617 690
5608 1411
1418 739
8334 1361
8335 70
3264 50
6104 436
8796 754
2162 722
7304 513
2291 574
7688 186
5807 1447
7547 457
4977 1443
6437 571
3685 131
8348 1508
7428 1786
343 268
2494 114
5429 230
7945 1289
2173 1270
8355 1289
7382 1061
8820 347
1603 1470
3554 296
8360 653
4390 33
3733 558
8046 1013
4119 596
1567 1153
147 1187
8549 1597
8368 190
484 776
8370 1009
8371 200
7676 434
5969 585
5759 664
3957 1621
8376 248
5033 1022
5137 694
2207 1240
747 338
4330 260
5236 391
2295 448
2415 836
4309 855
5121 146
2872 321
8636 855
7398 1161
8390 1786
4283 1736
2053 1699
635 370
7280 1595
8395 99
3903 46
5721 1036
5784 1252
273 1403
8400 1572
8401 811
1131 1524
2767 1458
1625 1723
1797 1024
2146 597
358 355
8408 561
8409 36
7851 1602
8412 178
6466 178
6919 643
6863 607
2569 1526
2471 223
3412 330
5558 1174
4841 1608
511 844
5067 784
4647 1571
8277 432
3674 667
7236 289
7440 1568
8535 149
7528 1671
5234 251
5791 1195
4510 1371
3689 396
4332 1246
1310 231
1849 1188
8263 991
5876 1376
8438 616
8439 233
1512 1354
2215 1229
8442 699
4094 1790
1139 1695
7432 419
4822 174
8447 65
1140 1385
697 744
6953 801
3550 787
2 836
4248 189
3123 430
6238 220
3210 1084
8457 83
8228 422
645 565
6425 258
2717 992
8462 1170
1652 859
1941 1116
8465 341
8466 253
3093 872
8468 1149
222 351
8343 1447
4375 1776
8226 978
5768 1605
6456 410
1680 1415
6177 1163
8477 1020
8935 534
2508 756
6011 1330
8481 1166
8482 474
874 29
8484 1245
8673 1711
1880 1500
8487 1523
7939 1424
8489 917
784 1783
4595 989
3182 1091
8493 1572
4000 1474
8155 1063
1881 570
3513 48
1374 1540
936 979
5097 1201
7697 1355
131 289
8503 22
8669 892
7992 1427
8506 1783
8507 600
6396 78
5371 1606
8066 1494
8511 939
3699 614
6986 91
7589 1248
1825 284
6106 941
2769 357
7313 991
7202 1137
1544 286
7412 624
806 533
82 119
3403 1390
5441 1325
8093 1436
2704 231
8528 1404
8529 1213
2281 444
50 685
3148 644
714 1292
3836 58
8427 149
2968 286
4241 1207
2246 915
7038 1228
8076 395
8541 702
4868 335
1053 747
4802 832
8545 554
8379 1240
316 998
8548 85
8367 1597
5274 1134
8295 684
4702 1782
6797 1777
383 1372
4766 1666
3520 524
1541 1415
5793 1727
8016 577
5486 1058
8561 469
4320 818
4426 360
5845 746
1621 1524
872 488
6758 666
2500 923
5414 217
3793 1708
8571 1405
7824 1171
764 507
8574 945
8019 595
8576 757
7526 95
8578 321
4286 653
8580 655
8581 627
6963 1006
8583 515
8584 680
996 1002
3325 1707
8587 242
8588 773
5399 277
8590 368
8591 166
6229 1295
7529 1077
8594 852
8595 1726
8596 1465
2950 1011
8598 500
6424 676
4163 1374
5657 491
5911 113
3311 1418
8604 1379
6242 1297
4693 816
6372 634
4004 144
8609 598
6581 48
1765 1553
2859 1609
4921 529
1611 656
8615 1125
2286 868
8109 817
3088 1343
2895 1400
8620 954
1860 502
3850 951
982 617
8624 1135
5598 1363
8265 1731
2021 1173
7368 824
6825 861
8582 1006
8631 1476
8632 795
1194 1037
274 336
2742 1298
8388 855
7965 1542
8638 209
4859 279
1459 600
8641 1077
8642 382
7493 110
7679 479
1348 1138
526 1630
822 495
7964 163
7542 1593
452 902
1396 887
6873 1527
1108 824
5238 465
4280 1307
6604 851
4379 371
5201 399
8251 805
6196 1645
6299 256
8662 634
8319 1770
2666 1396
8207 1755
4984 1641
5610 707
5242 1269
137 892
8670 605
7475 1761
4749 423
8923 1711
1562 40
8675 535
2566 288
7238 1620
3847 291
7109 1767
8235 380
8681 1422
2904 1217
7815 387
8684 806
1688 304
8686 460
8194 1753
1238 1611
3399 1554
1203 1692
4976 467
8692 557
2319 486
4912 643
8695 1175
3091 376
734 655
8411 178
1291 373
1713 973
4835 606
8702 66
4189 223
3480 187
1338 55
7893 1351
8707 929
6631 13
8257 1698
2594 1190
4340 1541
213 1337
8542 335
8714 1613
8715 1483
1146 1126
5956 1652
4653 1253
8661 256
6382 1615
8721 1255
2944 1802
8723 94
6811 360
2496 1451
3995 404
8107 1127
8728 1407
1531 1634
4918 1132
4011 1218
467 1710
2346 719
6361 1513
104 1389
6591 508
7016 1680
8738 564
5271 1510
4519 578
7870 420
2325 261
3521 111
3321 1507
8116 180
4848 147
6819 525
3491 100
6223 425
6648 1588
1496 1483
7307 628
7739 782
8706 1351
3242 78
3545 1754
5707 972
4059 30
8759 711
8760 1633
8761 589
952 420
6062 281
2602 1057
1657 1011
8766 1288
3372 339
5858 1566
6897 920
5867 302
6033 415
2097 637
411 1690
8774 532
7541 885
8776 403
7004 1062
8876 367
1859 613
8780 453
1587 216
7722 735
8605 1297
8784 99
6645 633
8786 915
1522 23
7041 1713
6199 237
5345 154
3377 106
1700 1613
3100 196
8794 1767
1732 232
8338 754
8797 346
5416 1027
7586 568
8800 1080
8436 991
8770 302
8803 1100
8654 465
8805 1619
8806 1264
8807 1579
3774 1490
3872 289
6174 1252
4133 1180
3828 1652
5939 339
7847 1102
3477 307
5020 1034
6091 1684
381 635
3099 781
2978 347
8090 1794
5187 1266
4322 1114
8824 123
25 1373
6346 1362
6390 1725
3115 1311
4818 1183
8830 105
2412 1468
4950 1358
8833 280
5891 1072
1560 412
6506 1014
7932 1559
7929 1221
8839 1594
3087 422
4441 1766
8842 1033
5860 139
6718 1666
8845 64
8846 1573
4808 884
1148 1758
5385 1223
2726 1087
8851 25
4279 1191
2229 518
7838 334
994 1140
8856 435
8044 496
3419 1425
8946 311
8860 455
4594 299
7375 1457
8863 372
8864 413
6706 879
1714 1262
1163 1020
8868 1165
8869 329
3704 987
8871 444
6542 262
1694 703
7322 10
7666 694
1475 367
2403 309
1452 1462
884 716
8880 1510
8320 1229
8882 36
8467 872
2349 1525
3838 1454
7356 897
7891 804
8676 288
1342 242
76 1277
3261 1730
8892 1546
1634 81
1546 647
1721 1684
2926 525
3798 9
3067 1657
836 712
2413 101
8220 818
5910 1311
8396 46
8904 1481
3405 794
8141 1539
6856 529
8908 753
3709 553
6121 785
8911 1665
8912 1511
8337 436
5767 430
8550 1134
2639 414
5541 1043
8004 473
8074 270
8920 1021
7675 1586
8922 656
7502 1711
8924 235
7434 275
7661 1068
2499 120
4717 1478
8929 552
8930 116
8931 706
1288 1037
8933 484
6381 1424
6520 534
5461 500
546 1215
1740 1200
8939 1222
4639 1483
2008 1224
4922 451
5186 302
7429 159
5788 1283
211 311
2563 183
8948 188
4160 1298
8950 735
7358 1154
7573 1228
8953 9
5382 1253
4067 767
8956 1788
1897 1080
4672 1655
4044 504
639 789
1930 1255
1413 889
7151 1759
1432 1212
1135 248
6063 328
2988 795
193 278
7166 1054
6416 1625
4138 907
655 27
8973 1522
7875 1286
8455 220
106 1440
7914 1765
6807 990
422 316
