3531 3066
1 586
2 2795
868 2159
3351 3011
5 376
2934 1654
7 1033
8 2628
9 3018
2361 1821
1830 390
12 2139
2807 232
14 1776
15 3055
16 2339
17 58
1904 686
3215 2282
948 1527
21 1974
404 1016
23 1166
24 3050
1077 1924
26 1651
27 1571
28 678
29 1309
30 1766
31 2918
32 1127
33 1801
34 1244
960 3036
36 1742
37 2854
38 1441
39 1268
3417 1160
1622 2119
42 659
43 2468
579 2663
45 2378
46 368
1940 1629
48 763
49 400
738 2801
51 1068
52 2213
1982 2838
54 476
55 2528
3051 442
57 1296
58 2984
59 2819
67 1816
61 336
916 2243
2256 866
2600 1861
65 1150
66 2435
60 1816
388 2872
2158 2938
70 2127
71 1371
1797 780
1988 2174
321 2648
75 2811
76 357
643 820
78 2323
79 2652
80 1924
81 3049
3516 1501
1672 2638
129 1623
85 375
1551 2743
1540 2718
88 2235
89 2642
90 278
1089 2840
92 126
93 34
3357 2178
95 1676
96 1119
97 2606
98 1140
99 2333
2143 539
101 2446
102 2761
103 264
104 446
807 280
106 1816
107 2038
108 1586
109 1077
2837 1326
341 1798
1919 479
113 968
114 1406
115 154
116 2573
117 179
118 2132
119 2250
3432 2860
121 1082
122 2973
2545 2302
124 2784
125 1509
363 2551
2813 305
2016 3015
2780 1623
130 2797
131 2815
283 2788
133 237
134 565
135 1787
136 1404
137 1524
1050 1099
864 3022
140 100
141 1514
771 1365
143 1933
905 2410
145 2757
824 1741
147 941
148 185
149 2368
3471 600
151 1807
2227 2801
2093 1904
154 2608
155 1435
2741 533
157 2389
158 1333
166 1400
160 2263
161 2888
359 2003
163 1496
2298 419
165 2833
159 1400
167 404
1992 44
169 1894
967 144
839 1505
3097 694
463 2669
174 2807
175 1533
1092 978
2293 1916
178 1401
2567 1605
180 2397
224 1965
182 2036
183 2056
184 1096
185 490
186 1829
2080 1810
188 1533
1302 2125
190 1555
2843 505
2986 469
193 2571
194 1463
973 819
196 2187
1696 1321
198 598
199 2779
200 1385
201 1747
202 2621
203 2463
2675 2092
727 2049
1016 728
2895 50
1453 2503
209 767
3152 494
211 2014
212 1978
213 1933
1030 472
215 588
2471 2770
217 2135
273 2501
219 2214
2665 2950
221 2641
222 2904
223 1515
181 1965
225 1944
226 870
227 2472
1043 1025
229 2703
230 991
231 1337
232 1231
233 619
234 872
235 2834
236 589
237 1949
238 3017
239 1795
240 1656
241 593
242 1915
2173 2367
244 2441
245 2482
246 1970
247 1240
248 1972
249 2560
250 954
251 810
252 1455
1454 1022
422 534
3475 2398
256 2109
572 2548
2721 11
259 113
1131 1899
2574 1092
449 2673
1823 2905
264 2530
265 983
266 2143
267 2115
268 610
2959 1508
270 911
271 316
472 2113
218 2501
274 1644
1359 218
276 171
277 2635
2448 1845
2206 1030
280 2114
281 1116
1603 1297
132 2788
284 927
1948 293
286 2120
683 2347
3006 1877
289 1443
290 1310
2283 1287
453 1536
293 93
294 2757
295 2744
3488 2484
956 330
1226 513
299 1814
300 1328
301 637
1639 1576
303 435
2970 2562
427 2645
801 2229
307 2507
308 1872
309 46
310 2642
1952 2688
2252 2745
313 1850
2035 254
3313 831
316 163
317 1387
318 2348
2172 1190
320 2611
74 2648
322 15
2493 2580
542 826
325 1965
326 1613
912 200
328 2024
702 1384
330 2638
331 2520
332 2614
769 2907
334 1433
335 3033
336 1040
1720 688
338 59
2319 2622
2401 1780
1824 1798
342 869
3404 978
2418 1843
417 74
346 333
830 1239
348 1880
1247 702
350 1541
3255 1129
352 1179
353 2001
354 964
355 1501
356 1029
357 123
511 1634
162 2003
1981 791
361 2189
362 448
126 2551
364 1740
365 2057
366 2904
367 594
368 1489
369 2406
370 2356
371 422
372 979
373 306
374 2696
943 601
805 312
377 2961
378 1641
401 2535
380 2195
381 2596
382 757
383 532
384 696
385 488
386 2498
387 255
68 2872
389 2431
2593 1517
391 2943
418 746
393 207
1945 2064
395 378
3148 2208
2207 2366
398 2472
399 354
400 933
1499 2535
402 2402
2729 2338
22 1016
1632 863
2101 2494
407 476
1901 2926
409 1422
410 573
2057 71
412 1351
2698 2142
1611 627
415 2243
416 963
345 74
392 746
1327 1424
420 2332
421 1802
254 534
2952 2083
2082 1135
425 64
426 1770
305 2645
722 2254
2483 2754
430 732
431 1556
432 1247
3110 297
434 2917
2818 413
436 675
437 1642
3009 649
439 26
1421 2128
441 2255
442 2243
443 1080
444 773
3271 1552
2791 456
1488 1162
1808 1058
3130 2673
450 1074
451 168
452 1905
292 1536
2209 2938
455 2830
456 2117
457 2529
2354 673
459 527
460 2860
461 2865
462 962
3233 2669
100 539
465 2990
466 1564
2165 2271
2799 73
469 1870
470 2335
471 2763
3337 2113
806 195
474 255
2360 3046
476 789
1633 2275
2749 2864
479 2681
480 2620
481 2973
482 2032
483 2863
484 2781
1965 2005
3217 2957
487 1199
488 2843
489 1625
490 2856
3245 135
1815 1312
493 718
494 2963
495 2906
496 1593
497 1700
3268 2489
1134 445
500 416
959 2796
3163 2662
716 1295
504 2754
505 1051
506 206
2862 560
508 561
1143 1709
510 662
358 1634
512 320
205 2049
514 1370
515 297
2118 1649
1921 1609
518 881
519 1998
520 2790
3043 1027
522 611
2364 2741
524 2685
1498 2805
2089 1304
527 1630
528 2630
2743 753
3087 2816
3398 1606
532 885
533 1076
534 1494
535 1746
536 1269
556 2837
538 626
539 2855
540 612
1910 884
3461 826
2497 2
544 95
545 164
546 150
547 1967
548 1340
549 1327
550 2396
551 3042
2275 832
553 2566
3155 950
2751 2910
537 2837
557 1356
558 1674
2096 765
1986 442
561 566
562 1203
563 2033
564 622
565 318
1626 434
567 112
568 2668
3445 1947
1569 1888
571 562
2602 2548
1553 1341
574 120
575 1910
576 1149
1410 2159
2309 1267
44 2663
941 498
1533 1192
1781 852
583 2959
584 1351
585 1109
1207 1019
1699 1023
588 1486
589 894
590 803
2485 3057
592 1715
593 541
1382 243
595 823
2674 1867
597 308
3517 119
599 1950
600 2652
601 1074
602 364
603 1625
2603 247
605 2064
2778 215
607 1013
608 2800
609 329
2159 627
611 104
612 1038
613 1034
3477 2550
615 2785
616 322
3349 576
618 147
619 2916
620 2800
621 1265
622 625
623 2203
1601 333
3125 1470
626 2306
627 1719
628 302
629 1118
630 145
631 1197
659 2544
633 1924
634 2730
635 2288
636 2991
637 393
638 247
639 1220
2299 189
641 1290
642 406
77 820
644 2973
645 1705
2853 1049
647 2871
648 40
6 1654
2805 1619
651 80
2297 1747
3509 1065
654 2219
655 1508
1782 42
1555 2299
658 1276
632 2544
660 203
2474 2179
662 1272
663 2270
349 702
665 1559
666 589
667 3047
668 2430
669 1189
670 1172
671 1777
672 299
673 650
674 1872
675 1281
676 805
677 2062
678 60
977 427
680 1671
681 403
3114 859
287 2347
684 514
685 2543
2725 41
687 2963
688 926
3090 452
690 1988
2127 1892
692 1686
693 48
694 2768
695 3054
696 478
697 1538
698 1222
699 1929
700 353
701 2508
329 1384
703 1594
1022 1003
708 761
706 2146
707 1341
705 761
709 336
710 350
711 128
3377 2306
890 244
714 1101
715 1467
503 1295
1876 2962
718 372
1705 2100
720 2675
721 1701
428 2254
64 1861
2200 1866
725 2848
2742 797
513 2049
728 531
729 2371
730 1563
2930 1911
732 1771
733 2360
734 1165
1288 918
736 985
2530 2005
50 2801
739 3
740 622
753 1789
1562 3020
743 2581
744 2953
745 2236
746 1400
747 864
748 1023
949 2877
750 2792
751 35
752 2650
741 1789
754 1782
755 169
756 1306
1192 2426
1147 1653
759 1662
445 1552
761 3013
762 891
2197 87
3527 2232
765 440
766 867
767 2850
1967 2665
333 2907
1218 847
142 1365
1579 480
773 804
774 1411
775 1612
3200 495
777 1257
778 1431
779 710
780 2169
781 1941
782 1262
783 713
784 1782
3510 2518
1764 1150
787 2609
788 3025
2417 2897
1869 2572
791 263
3518 1986
793 1721
794 1210
795 1514
2580 1598
1620 1070
798 1357
799 1201
800 1237
306 2229
802 1655
803 2933
883 2289
376 312
2726 195
105 280
808 2594
2819 5
2533 1352
3136 252
812 2540
813 2782
814 492
815 1042
816 2134
817 1991
818 1645
1168 2775
2247 314
3309 900
2583 2832
823 2175
2782 1741
1038 830
826 2072
827 1962
828 1307
829 216
2334 1239
831 2387
832 2195
833 2351
879 2061
835 2156
836 361
837 3045
838 2298
171 1505
3206 1762
841 1543
842 2107
3483 2399
844 581
723 1861
3235 331
847 2655
3482 2344
849 925
850 1761
851 2080
440 2128
853 2099
2859 21
855 2089
856 1108
857 451
1463 2836
859 1551
860 2914
861 858
862 1270
863 658
1063 3022
865 1384
3037 2096
867 3006
2051 2159
869 1236
870 326
991 275
872 1241
873 977
874 2679
875 1108
876 1486
877 365
878 1940
2163 2061
82 1501
881 1544
882 152
1602 2289
884 315
2302 856
886 2269
1422 1367
888 1089
1675 515
713 244
891 96
892 2502
893 2334
3083 1439
895 1627
896 1240
2905 2725
898 173
1014 1504
1141 1621
901 2672
902 955
903 163
3293 1094
144 2410
792 1986
1169 248
908 1953
909 1869
910 2817
911 2341
1802 200
913 172
914 2504
915 1216
62 2243
917 916
918 1942
2871 2231
920 1009
921 2556
3199 2203
923 2186
924 2687
925 2292
926 2215
1560 410
1229 142
929 461
1032 1775
931 107
932 376
3060 623
934 1255
935 2657
936 1494
937 80
938 733
243 2367
940 945
580 498
942 1066
375 601
944 764
945 1727
946 1473
947 2977
20 1527
749 2877
950 206
951 1208
952 1444
953 742
980 2710
3070 1363
1504 330
957 2766
1034 599
3166 2796
2609 3036
1978 2625
962 1799
963 209
2279 1057
965 2144
2866 2903
2873 144
968 289
2768 1209
970 2784
971 2591
972 1492
1980 819
2281 2351
975 2895
976 2352
679 427
526 1304
979 1647
954 2710
981 795
982 2737
983 2533
984 783
985 2267
955 1363
987 253
988 2435
989 2722
3078 355
871 275
992 2922
3286 2454
994 381
1124 892
996 2766
2267 1561
998 926
999 760
1000 1345
2977 2631
1002 1361
1558 2835
1004 1849
1005 2678
3186 1755
1007 2176
1008 665
1009 2823
1010 2945
1011 2788
1012 2599
1561 315
899 1504
2372 903
206 728
1017 1278
1018 2635
2005 2248
2204 579
1021 2663
1500 1003
1023 2984
1024 1837
1025 1307
1026 118
2168 2261
1028 1957
1897 2715
214 472
1031 241
930 1775
1721 1506
958 599
1035 3056
1036 552
1037 2718
825 830
1039 1020
1040 751
1041 1426
1042 875
228 1025
1044 2169
1045 1716
1046 837
1047 2350
1048 1593
1049 1886
1377 1099
1051 560
1052 1102
2543 2547
1054 248
1055 1268
1056 3037
1057 2013
1058 1526
3243 848
2563 2951
1061 2718
1062 2774
139 3022
1064 1700
2018 2925
1066 511
3402 1399
1068 349
1069 2202
1070 1915
1071 2516
1072 2176
1073 1447
1074 1364
1964 1151
1076 698
25 1924
1078 653
1714 2942
1080 915
1081 130
3411 2494
1882 2180
2777 885
974 2351
1086 1005
1087 2731
1088 1488
91 2840
1090 2067
1091 2891
176 978
1093 1883
1480 1253
1095 143
1096 1097
1097 692
1583 966
1099 514
1100 56
1101 289
1102 1147
1103 2664
2733 2899
1105 150
1106 1604
1107 1990
3490 367
2504 401
1110 1352
2624 1090
2129 1853
2063 2777
1114 1832
2432 1930
2481 2696
1117 2856
3025 2883
1902 2971
1263 1684
1121 2573
2694 1838
1252 1007
2688 892
1125 451
1126 339
1676 2869
1128 1924
1570 105
1130 1245
260 1899
1132 1583
1133 122
3175 445
1135 2667
2088 1046
1938 538
2236 948
1139 1220
1637 1568
900 1621
1142 2614
509 1709
1144 2714
1145 1325
1338 715
758 1653
2685 2626
2402 1347
1150 2252
1151 2095
1152 827
1174 2261
3127 2407
2313 223
2081 2773
1157 2230
1158 1746
1188 1868
1160 1170
1161 1196
2771 631
1163 1321
2166 2756
1165 1201
1166 2514
2230 316
819 2775
907 248
2074 2712
1171 2480
1448 2250
1173 2636
1027 2261
1175 2677
220 2950
1177 509
1178 1294
1179 1300
1180 801
1181 861
1182 2985
1183 1558
1184 1084
1185 2056
1861 1956
1187 716
1677 1868
1083 2180
1190 31
1191 584
757 2426
1193 1955
1194 886
2808 1917
1196 249
1197 2732
1366 1373
187 1810
1200 423
1201 15
1202 918
1203 416
1204 2038
1205 787
1710 2094
586 1019
1208 2357
1209 1461
18 686
1211 2152
1212 1584
1213 695
1214 860
1215 1819
1216 303
1217 3007
770 847
2355 724
1649 2217
1221 439
1222 709
1420 2583
1224 283
1225 2396
298 513
1460 1687
1430 1729
1363 142
2650 1548
2347 204
1232 2170
1233 508
1234 658
1235 831
195 819
1237 2931
1989 3029
1239 2120
1186 1956
1241 1276
1242 2335
1243 2513
1244 230
3307 1278
1246 740
2890 702
1248 1412
2949 743
1250 802
1251 449
1123 1007
3505 438
1915 489
1085 2351
1256 2448
1257 544
1683 692
1259 2514
2114 1591
1261 2431
1262 340
3526 1684
1264 1718
1265 1656
2570 2224
1267 1681
1975 2027
1269 2444
2615 54
2750 1918
1731 2584
2717 1468
1274 989
1708 2713
1276 1939
1277 2878
1278 1372
1279 1601
2860 2066
1281 1102
2715 1113
1283 2684
1284 132
1285 155
1286 970
2429 1735
735 918
1289 2495
1290 408
1291 1380
1292 492
1293 2990
2104 2994
3457 1474
1296 1889
1297 1289
1298 2193
3226 1455
1300 571
1723 2664
189 2125
1303 3015
1304 2098
1305 487
2595 363
1307 208
1308 1675
3143 2824
1310 2595
1311 61
1812 656
1313 254
1314 1266
1315 2625
1316 1950
1268 2027
1318 2188
1319 368
1320 1052
1321 2460
1322 221
408 2926
1324 2126
1325 2265
1326 2864
419 1424
1328 1355
2740 3008
3503 2060
3079 1884
1332 1807
1333 2180
1334 1813
1335 825
820 314
1337 46
1146 715
1339 3048
1340 2073
1468 2771
1342 2310
1343 2023
1344 380
2908 2017
1346 90
1347 1350
1348 1835
2643 997
2434 2488
1351 1328
2368 1008
1353 73
1354 1897
1273 1468
1356 816
1357 2348
3011 2608
275 218
1506 2506
1361 1847
1362 362
928 142
1364 1255
1365 1881
1198 1373
1367 2487
1368 1001
1816 1093
1564 2870
1371 2192
2116 1044
2315 460
1374 387
1375 830
3170 1368
138 1099
1378 2208
1379 1498
1380 1708
3231 2074
594 243
1383 2112
1384 444
2784 1780
1386 1479
1387 2117
1388 1192
1389 2477
1390 1006
2636 2106
1392 521
1393 2989
1394 1316
1719 267
2844 2225
1397 2251
3319 2707
1399 2041
1400 1366
2396 1670
2337 415
1403 309
1404 470
1405 2090
1406 742
3278 423
1408 635
2179 920
2012 2159
1411 2457
1412 919
1413 2345
2591 2134
1415 2802
2028 2076
1417 1104
1418 1225
1419 1745
1223 2583
852 2128
887 1367
1423 2405
1424 2400
1425 2082
1426 943
1427 2327
3272 1799
2524 1518
1228 1729
1431 1291
1432 2378
3352 882
1434 1454
1435 1579
2891 1305
1437 1749
1438 1327
1439 662
1440 2574
1441 2065
1442 812
1443 1796
2465 2753
3495 67
347 1239
1447 817
1172 2250
1449 566
1450 639
1451 646
3325 2605
208 2503
253 1022
1455 2079
1456 684
1457 33
3122 38
1459 378
1227 1687
1461 1066
2482 575
858 2836
1464 1831
1465 1794
1466 1815
1467 1723
1341 2771
1735 2776
1911 1435
1471 604
1472 1119
2332 160
1474 2187
2651 2438
1476 2766
1477 1228
1478 2084
1922 1081
1094 1253
1481 961
1482 276
1483 2627
1484 99
1485 641
1486 1938
1487 1705
447 1162
2487 2682
1490 2178
1491 747
1492 2644
2203 536
2967 2908
1495 2767
1496 2772
1497 1554
525 2805
379 2535
704 1003
1741 2485
1502 262
1503 912
297 330
1505 3055
1360 2506
2551 602
1508 1151
1509 1914
1510 2715
1511 2972
2001 1185
1513 2290
1514 1286
3269 2449
1516 2912
1517 2396
1518 1528
1519 2033
2569 2313
1521 104
1522 2279
1523 1183
1524 978
1942 1112
1526 1550
1494 2908
1528 2610
1529 1430
1530 269
2377 2607
2744 2035
581 1192
1534 1607
1535 376
1084 885
1350 2488
1538 617
1864 2878
87 2718
1541 2935
1542 1783
2287 235
1544 2593
1545 2572
1546 27
2903 2046
1548 1190
1549 2884
1550 2272
86 2743
1552 11
573 1341
1554 58
657 2299
1556 1923
1557 1389
1003 2835
1559 520
927 410
1013 315
742 3020
1563 2955
1807 2870
1565 672
1566 934
1567 1020
2041 265
2532 1888
1129 105
1571 1550
1572 1993
1573 1970
2610 688
1900 1123
3530 1276
1924 545
1578 2075
772 480
2564 1110
1581 3
2004 1748
1850 966
258 11
2223 874
1156 2773
1587 542
1588 1048
1589 432
1590 2829
2480 1242
3473 302
2167 2986
1594 1
1595 255
724 1866
1597 2148
1598 1602
1599 9
2931 1056
624 333
804 2289
282 1297
2049 3003
1605 1696
1606 2866
1607 1277
1608 2104
1609 1288
1610 2970
414 627
3312 1275
1613 72
2802 2046
1615 3035
1874 563
3091 18
3264 2586
2529 580
797 1070
2427 1854
2132 2119
3386 610
1624 180
1625 2939
566 434
1627 2937
2646 3004
3093 783
1630 2372
1631 242
405 863
2539 2275
1634 1589
1635 1975
2469 1563
1140 1568
1501 2485
302 1576
3431 1062
1657 239
1642 420
1643 2985
1644 361
1645 716
1646 2833
2940 1024
591 3057
1220 2217
1650 1004
1651 1051
1652 213
2433 2293
1654 72
1655 114
1656 1120
1641 239
1653 2293
1659 1308
1660 385
1661 500
1662 431
1663 2698
1664 871
2832 522
1666 2186
1667 610
1668 1622
1669 2965
1670 1063
1671 2759
83 2638
1957 1086
340 1780
889 515
1127 2869
1159 1868
1678 1556
3479 175
1680 793
1681 1626
1682 1655
1258 692
1684 2197
2875 266
1686 155
1687 723
1688 852
1689 92
1690 1758
1691 2376
1692 3060
1693 503
1694 1942
1695 2538
197 1321
1697 1704
1698 982
587 1023
3416 1773
1701 2751
1702 1937
1703 1778
1704 2511
2767 2100
2083 1055
2000 1630
1275 2713
1709 540
1206 2094
1711 1059
1712 88
1713 2009
2263 2942
3345 183
1716 559
1717 2186
1718 1271
1395 267
2516 688
2531 1506
1722 1790
1301 2664
1724 2388
1725 2575
1726 2807
1727 2721
1728 2546
1729 798
1730 2408
1272 2584
1732 577
1733 606
1734 496
1469 2776
1736 245
1737 52
2138 634
2863 323
1740 756
1638 2485
1742 991
1743 1717
1744 1201
1745 210
2513 2099
1747 2092
3427 530
1230 1548
1750 139
1903 1338
1752 616
1753 1826
1878 2055
1755 167
1756 2464
1757 2019
1758 2921
1759 1525
1760 520
1761 286
3154 828
3289 1711
786 1150
1765 953
1766 2111
2254 2859
1749 1548
1769 2114
1770 2364
1771 1909
11 390
1773 2993
1774 3051
2121 2977
1776 1566
1777 917
1778 127
1787 1475
1780 2011
582 852
656 42
1783 873
1154 2407
1785 2842
1786 744
2140 1475
1788 2151
1789 688
1790 2191
1791 2976
1792 1351
1793 1581
3474 1611
2156 2889
1796 1182
3375 780
63 866
3007 1676
1800 202
1801 1565
327 200
1803 2309
1804 307
1805 1999
2376 2882
1370 2870
448 1058
2904 1928
1928 825
1811 2508
1312 656
1813 1763
1814 1957
2502 1312
1369 1093
1817 845
1818 1456
1819 1860
1820 2806
2383 320
1822 2424
263 2905
111 1798
1825 1308
1826 1251
1827 2459
1828 2913
1829 341
1772 390
1831 1317
1832 1109
2556 1758
1834 1513
2310 34
1836 2613
1837 1681
1838 988
1839 857
1840 2984
1841 2615
1842 825
1843 1930
1844 2253
1845 233
1846 1415
1847 285
1848 24
1849 1026
1098 966
1851 1179
1852 113
2381 2815
1854 327
1855 465
2177 300
2122 1921
1858 399
1859 2310
1860 691
2384 1956
2342 1087
2251 1949
1539 2878
3084 141
1866 1791
1867 1980
1868 1561
790 2572
1870 956
1871 1067
1872 19
1873 2722
1616 563
1875 1887
717 2962
2586 500
1754 2055
411 71
1880 2007
1881 2691
1189 2180
2397 936
1884 1902
1885 2062
1886 2890
1887 993
1888 824
1889 1689
3027 1767
1891 2325
1892 2095
1893 133
1648 3057
1895 2076
2237 1071
1029 2715
1898 1257
1899 1669
1575 1123
2633 2926
1119 2971
1751 1338
1210 686
1905 2661
1970 2825
1907 969
1908 2728
1909 794
541 884
1470 1435
3466 2322
1913 595
1914 2852
2047 489
1916 833
2848 1294
1918 1069
112 479
1920 1089
517 1609
1479 1081
1923 1158
1577 545
1925 1651
2477 356
278 1845
1810 825
2079 2936
1930 945
1931 2357
1932 2363
1933 2624
2019 778
1935 3048
1936 1854
1937 2011
1137 538
1939 1284
47 1629
1941 2499
1525 1112
1943 2912
1944 1687
394 2064
1946 2381
1109 401
285 293
1949 2343
1950 2371
1951 2987
311 2688
1953 2868
2149 256
1984 985
1956 2843
1673 1086
1111 1090
1959 2069
1960 587
1961 2670
1962 103
1963 97
1075 1151
2403 2005
1966 2436
768 2665
1968 737
2960 2838
2796 2825
1971 185
1972 2530
1973 1366
1974 1919
1317 2027
1976 2301
1977 2747
3511 2625
1979 2679
1236 819
360 791
1969 2838
2748 783
1955 985
1985 2532
56 442
2268 2569
2711 2174
1238 3029
2501 221
1991 1507
168 44
1993 784
1994 411
1995 924
2015 2483
1997 2086
1998 1666
1999 976
1707 1630
1512 1185
3454 2339
2003 1425
1582 1748
1019 2248
2006 184
2007 2058
2008 483
2009 8
2010 524
2011 1263
577 2159
2013 1031
2014 756
1996 2483
128 3015
2942 937
1065 2925
1934 778
2020 1658
2021 1026
2022 1651
2023 2313
2024 345
2025 729
2026 1048
3189 3009
1416 2076
2029 613
2030 484
2031 1201
2270 3023
2033 1161
2034 433
314 254
207 50
2701 271
2038 2515
3133 1353
2040 2099
1568 265
2042 1664
3504 334
2044 690
3393 1060
2494 332
1254 489
2048 85
1604 3003
2050 3014
3 2159
2052 2239
2053 2243
2054 1680
2055 1175
2056 2441
1879 71
2738 71
2059 2954
2060 2467
3522 2400
2062 117
1113 2777
2064 1657
2144 2173
2134 706
2067 2361
2068 722
2069 1532
2070 222
2071 1100
2174 2307
2073 1487
1170 2712
3018 1490
3104 682
2077 1720
2078 82
1929 2936
1199 1810
1586 2773
424 1135
1706 1055
2084 2612
2085 2975
2937 1678
2087 231
1136 1046
2988 1304
2090 2096
2415 3052
843 2399
153 1904
2094 397
2095 1858
559 765
2097 575
2098 1699
3042 931
2100 202
406 2494
2102 2165
2103 2838
1294 2994
2105 2953
2106 412
2107 698
2108 2044
2594 98
2110 1411
3144 895
2112 2343
2809 2413
1260 1591
2115 1218
1372 1044
2117 642
2718 1649
2119 2522
2120 2523
1775 2977
1857 1921
2123 2458
2124 198
2125 1823
2126 930
691 1892
2128 3019
1112 1853
2130 1380
3242 1929
41 2119
3135 721
2066 706
2135 2525
2136 2391
2137 1492
1738 634
2139 1749
1779 1475
2898 63
2142 1090
464 539
2065 2173
2145 2412
2146 2683
2147 292
2148 2952
3287 256
3107 592
2151 1765
2152 79
2153 1801
2154 1660
2155 2706
1795 2889
2157 772
2486 2938
610 627
2160 2362
2161 180
2162 1211
834 2061
2164 414
467 2271
3380 2756
1593 2986
1153 2261
3129 277
2170 3017
2171 2257
319 1190
939 2367
3489 2307
3203 2092
2176 1365
1856 300
3484 2736
1409 920
2180 2089
2181 507
3277 1637
2183 201
2184 2992
3072 2484
2186 298
2187 1648
2188 1413
2189 2058
2190 229
2191 669
2192 1865
2193 1553
2194 490
2195 25
3038 1527
763 87
2198 2343
2879 2439
1596 1866
1912 2322
2202 2991
1493 536
1020 579
2205 106
279 1030
397 2366
2208 3051
69 2938
2210 2513
2211 1459
2212 369
2213 2220
2214 1022
2215 2748
3053 709
2217 1448
2218 2450
2219 877
2220 808
2221 371
2222 2088
1585 874
2224 13
2225 2831
2226 2388
2810 2801
2340 2826
2229 1450
1167 316
2231 2372
2232 1695
2233 2835
2732 624
2235 586
1138 948
1896 1071
2238 462
2239 99
2240 735
2241 246
2662 689
3270 670
2244 260
454 2938
2246 2866
1336 314
2248 1977
2249 1467
2450 352
1863 1949
2692 2745
2253 193
1767 2859
2264 607
2584 866
2257 2659
2632 1330
2259 2285
2260 2311
2261 2708
2262 28
1079 2942
2255 607
2265 2633
2266 2144
997 1561
1987 2569
3150 512
2535 3023
3098 2198
2621 884
2273 1077
2274 2018
552 832
2276 3047
2178 2736
1473 160
964 1057
2280 1251
1255 2351
2282 651
291 1287
1543 235
2285 134
2286 2519
2284 235
2288 2764
2289 209
2618 2244
2291 1902
2292 2665
177 1916
2294 2656
2295 2740
2335 1966
652 1747
2378 419
640 189
2300 1734
2301 2131
885 856
2303 1715
2304 585
2305 1559
2306 412
2307 580
2308 2085
578 1267
1835 34
2353 1449
2312 205
1155 223
2314 667
3183 460
2316 1177
2317 1750
2318 458
339 2622
2320 2708
3520 1920
2442 998
2323 1383
2421 227
2510 684
2326 951
2327 614
2620 2877
2329 2491
2330 1233
2331 3022
2278 160
2333 2999
1446 1239
2296 1966
2336 504
1402 415
2338 2899
2339 1011
2228 2826
2341 1844
1862 1087
2343 1545
2344 319
3496 1402
2346 291
1231 204
2348 1994
2349 1171
2394 1291
2351 1950
2352 2065
2311 1449
458 673
1219 724
2356 2771
2357 1385
2358 552
2359 109
475 3046
10 1821
3266 2590
2363 2056
523 2741
2365 1127
2426 902
2367 1067
1352 1008
2369 2432
2370 388
2371 2190
2915 903
2373 1608
3415 328
2375 1793
1806 2882
1531 2607
164 419
2379 198
2380 102
1853 2815
2382 1889
1821 320
1240 1956
2385 765
2386 2364
2387 81
2388 1914
3342 1588
2390 1361
123 2302
2392 522
2393 1691
2350 1291
2395 1371
1401 1670
1883 936
2398 596
2399 1008
2400 2041
1385 1780
2954 1347
737 2005
2404 2867
2405 366
2406 2802
2407 1387
2408 388
2409 3034
2492 2988
2411 1206
2412 1537
2413 456
2414 2813
2091 3052
2416 1049
789 2897
344 1843
2419 429
2773 1490
2324 227
2422 1349
2423 1440
2424 2234
2425 2817
2366 902
1621 1854
2428 3059
1287 1735
3437 2653
2431 121
1115 1930
1658 2293
1537 2488
2435 3021
2436 2216
3491 2227
2965 51
2439 2807
2440 571
2441 2974
2322 998
2443 949
2444 687
2445 1672
2446 816
2447 2281
1927 1845
2449 2965
2250 352
3258 1780
2452 2821
2453 2524
2454 725
2455 523
2456 939
2457 1196
2458 1692
2696 1852
323 2580
3196 2106
2462 2574
110 1326
2464 2314
1444 2753
2466 2162
477 2275
2468 1560
1636 1563
2999 2166
216 2770
2472 3054
2972 1779
2936 2179
2475 3051
1926 356
2476 356
2478 719
2479 2211
1591 1242
1116 2696
1462 575
3102 2754
2484 2839
1894 3057
2245 2938
1489 2682
2488 2927
2489 916
2490 389
2491 1789
2410 2988
2559 2580
2046 332
2495 195
2496 898
543 2
2498 1010
2499 67
2500 1313
1990 221
492 1312
2503 1292
1947 401
3101 1175
2506 382
2507 2390
2508 1070
2509 2868
2325 684
2511 2118
2512 568
1746 2099
2514 2934
2884 2262
1574 688
2517 2324
2518 1915
2519 1696
2520 2738
2521 1061
2522 604
2523 2121
1429 1518
2525 897
2526 1138
2527 1774
2552 2600
1619 580
485 2005
1033 1506
570 1888
810 1352
2534 727
2032 3023
2536 412
2537 2155
2538 1781
2467 2275
2540 890
2541 2428
3188 2769
1053 2547
2544 1437
2391 2302
2546 2634
2547 2709
2548 1526
2549 1262
2182 1637
1507 602
2528 2600
2553 2955
2554 60
2555 1696
1833 1758
2557 929
2558 1100
2460 2580
2560 2187
2561 2153
2562 242
1060 2951
1580 1110
2565 1584
2776 2716
179 1605
2568 1983
1520 2313
1266 2224
2571 2134
2572 301
19 2282
261 1092
3180 663
2576 994
2577 171
2578 2558
2973 1725
796 1598
2581 186
2582 2774
822 2832
1798 866
2585 981
1877 500
2587 1288
3212 1131
2589 1484
2590 1018
1414 2134
2592 1667
390 1517
2109 98
1306 363
3395 1085
2929 1445
3044 2666
2599 467
845 1861
2601 497
257 2548
604 247
2604 2135
2941 1053
2606 1212
2607 2450
2608 1476
35 3036
337 688
2611 1981
2647 2368
2613 1128
2614 1222
1270 54
2616 2880
1612 1275
2290 2244
2619 1970
2328 2877
2272 884
2622 253
2623 2563
1958 1090
2625 1169
2626 1763
2627 1329
2628 1624
2629 2200
2697 1562
2631 1778
2258 1330
1323 2926
2634 2373
2635 1925
1391 2106
3059 53
2638 2512
2639 896
2640 2071
2641 1597
2642 1931
3406 997
2644 2326
2645 1500
1628 3004
2612 2368
2648 36
2649 2281
1768 1548
1475 2438
2652 1171
2653 288
2654 952
2655 2014
2656 2601
2657 2527
2658 153
2659 3049
3077 457
2661 523
2242 689
2663 1248
2664 507
1176 2950
2666 373
2667 1982
2668 2304
2669 1184
2670 1379
2671 1377
2672 567
2673 1036
596 1867
204 2092
2676 891
296 2484
2678 1139
3257 2217
2912 2158
2681 835
2682 2087
2683 1530
2684 681
1148 2626
2686 2636
2687 2778
995 892
2689 1165
2690 2210
2691 1155
312 2745
2693 809
1122 1838
3040 2874
2459 1852
2630 1562
3222 2142
2699 2135
2700 966
2037 271
2702 1938
2703 1180
2704 2879
2705 546
2706 1324
2707 959
2708 1531
3305 220
2710 2288
73 2174
2712 474
2713 1627
2714 1576
1282 1113
3064 2102
1355 1468
516 1649
2719 253
2720 1026
1584 11
2722 1299
2723 1429
2724 2543
686 41
473 195
2727 1529
2736 2553
403 2338
2730 543
2731 680
2234 624
1104 2899
2734 710
2735 2017
2728 2553
2737 2473
2058 71
2739 938
1329 3008
2899 533
3256 797
529 753
1532 2035
2745 521
2961 2101
2747 2644
1629 783
478 2864
1271 1918
555 2910
2752 1713
2753 15
2865 852
2755 2296
2756 2719
2757 1493
2758 2956
2759 2176
3458 2686
2761 879
1890 1767
2763 2285
2764 564
2765 359
2766 153
719 2100
969 1209
2769 2739
2770 1018
1162 631
2772 1740
2420 1490
2774 657
2775 2451
2566 2716
1536 885
606 215
2779 1130
84 1623
2781 178
146 1741
2783 1388
1674 1780
2785 2798
2786 1024
2787 1871
1679 175
2920 1481
2797 2320
446 456
2792 483
2793 82
2794 2926
2795 124
1906 2825
3260 2320
2798 140
468 73
2800 2931
2801 115
1547 2046
2803 2270
2804 1119
3159 1619
2806 2543
13 232
3108 1917
2113 2413
152 2801
2811 1610
2812 2900
127 305
2814 2374
2815 619
2816 1521
2817 2705
435 413
809 5
2820 2258
2821 1460
2822 2355
2823 2865
2824 2810
2825 801
880 1501
2827 1953
2828 1398
2829 2301
2830 1104
2831 1722
1665 522
2833 2213
2834 2379
2835 920
3211 1697
2463 1326
2838 2579
2839 2496
2840 591
2841 139
2842 256
2994 505
1396 2225
2845 2649
2846 64
2847 1304
1917 1294
3013 1426
2850 17
2851 2647
2852 140
646 1049
2854 2821
2855 518
2856 1093
2857 2312
2858 2565
854 21
1280 2066
2861 1610
507 560
1739 323
2864 552
2754 852
966 2903
2867 1852
2868 1932
2869 1763
2870 123
919 2231
2872 1442
170 144
2874 2422
1685 266
3290 1516
2877 1339
2878 1830
2199 2439
2880 2632
2881 1709
2882 2196
2883 388
2515 2262
2885 906
3138 1320
2887 870
2888 1574
2889 2565
664 702
1436 1305
2892 846
2893 2132
2894 1846
2036 50
2896 694
2897 1469
2141 63
156 533
2900 2161
2901 1170
2902 1660
1614 2046
1809 1928
897 2725
2906 1100
2907 1181
1345 2017
2909 667
2910 2067
3219 2519
2680 2158
3002 1407
2914 370
1015 903
2916 2036
3034 2509
3162 360
2919 1466
2789 1481
2921 1690
2922 1155
2923 1186
2924 281
2925 2308
2926 829
2927 3058
2928 2910
2597 1445
731 1911
1600 1056
2932 2226
2933 2636
649 1654
2935 68
661 2179
2086 1678
2938 2828
2939 815
1647 1024
2605 1053
2017 937
2943 2847
2944 732
2945 2161
2946 2044
3054 1077
2948 636
1249 743
2950 1137
2951 106
423 2083
2953 1088
1149 1347
2575 663
2956 159
2957 2084
2958 1993
269 1508
53 2838
2746 2101
3228 415
2963 524
866 2096
2438 51
2966 504
1527 2908
3005 3011
2969 418
304 2562
2971 1376
2473 1779
2579 1725
2974 773
2975 2389
3409 2700
1001 2631
2978 292
2979 1546
2980 1499
2981 1080
3194 1375
2983 2409
2984 1202
2985 582
192 469
2987 2492
978 1304
2989 2002
2990 1378
2991 1040
2992 2675
3280 1091
191 505
2995 2559
2269 512
2997 1922
2998 2053
2470 2166
3000 2280
3001 1861
2913 1407
3003 130
3004 1345
4 3011
3029 1877
1799 1676
3008 1415
438 649
3010 274
1358 2608
3012 2694
2849 1426
3014 2048
3015 1389
3016 999
3017 2411
2075 1490
3019 2728
3020 1110
3021 45
3022 1099
3023 782
3024 299
1118 2883
3026 652
2762 1767
3028 1167
3262 1877
3030 2528
3463 2292
3032 1681
3033 1572
2917 2509
3035 2090
3036 972
2964 2096
2196 1527
3039 2324
3119 2874
3041 2764
2099 931
521 1027
2598 2666
3045 1913
3046 2648
3047 792
3048 183
3049 2794
3050 2845
560 442
3052 1879
2216 709
2947 1077
3055 1145
3056 2403
3057 3049
3058 883
2637 53
933 623
3207 880
3062 387
3063 1600
2716 2102
3065 1208
3066 1201
3067 2039
3068 2255
3069 1181
986 1363
3071 2073
2677 2484
3073 2762
3074 1935
3075 712
3076 1756
2660 457
990 355
1331 1884
3080 1464
3081 2595
3304 3028
894 1439
1865 141
3085 2175
3086 2077
530 2816
3088 1803
3089 2920
689 452
1617 18
3092 1266
1983 783
3094 163
3095 961
3096 2179
3364 694
2271 2198
3099 1667
3100 788
2505 1175
429 2754
3103 2442
2076 682
3105 1978
3106 2377
2150 592
1195 1917
3109 1403
433 297
3111 935
3112 808
3113 1618
682 859
3115 2026
3116 1269
3117 207
3118 459
2695 2874
3120 1979
3121 1325
1458 38
3123 1730
3124 634
625 1470
3126 395
1784 2407
3128 80
2169 277
262 2673
3131 663
3132 1153
2039 1353
3134 1041
2133 721
811 252
3137 992
3376 1320
3139 1350
3140 977
3141 2194
3142 325
1309 2824
2111 895
3145 270
3308 990
3333 1417
396 2208
3149 2410
2996 512
3151 2260
210 494
3153 983
1762 828
554 950
3156 2393
3157 1616
3158 1428
650 1619
3160 1744
3161 2251
3332 360
502 2662
3164 201
3165 2148
501 2796
3167 2409
3168 2841
3169 71
1376 1368
3171 2612
3172 1698
3341 1839
3174 3024
499 445
3176 3064
3177 697
3178 679
3179 536
2955 663
3181 1344
3182 883
1373 460
3184 1240
3185 579
1006 1755
3187 2268
2542 2769
2027 3009
3190 1001
3191 366
3192 2022
3193 1011
2982 1375
3195 950
2461 2106
3197 1909
3198 603
922 2203
776 495
3201 155
3202 358
2175 2092
3204 1174
3205 1786
840 1762
3061 880
3208 2201
3339 2425
3238 2416
2836 1697
2588 1131
3350 2970
3214 211
2573 2282
3216 3015
486 2957
3218 770
2911 2519
3220 1645
3221 577
413 2142
3223 1196
3224 2103
3225 13
1299 1455
3227 2343
2962 415
3229 2640
3230 493
1381 2074
3232 2177
173 2669
3234 22
846 331
3236 1623
3237 2843
3210 2416
3239 1819
3240 2757
255 2398
2131 1929
1059 848
3244 176
491 135
3246 1282
3247 2070
3248 3049
3249 1955
3250 441
3251 2820
3252 2662
3253 2379
3254 591
351 1129
726 797
2679 2217
2451 1780
3259 2858
2790 2320
3261 2170
288 1877
3263 2408
1618 2586
3265 736
2362 2590
3267 1108
498 2489
1515 2449
2243 670
760 1552
1428 1799
3273 1853
3274 2557
3275 1279
3276 1424
2550 1637
1407 423
3279 1018
2993 1091
3281 841
3282 1263
3283 1238
3284 1752
3285 1882
993 2454
3359 256
3288 817
1763 1711
2876 1516
3291 1805
3292 3061
904 1094
3294 2923
3295 55
3296 2020
3297 2427
3298 322
3299 2149
3300 407
3301 2709
3302 126
3303 1879
3082 3028
2709 220
3306 222
1245 1278
3146 990
821 900
3310 203
3311 1968
2617 1275
315 831
3314 2297
3315 2789
3316 2157
3317 1273
3318 395
1398 2707
3320 2191
3321 1511
3322 1281
3323 2229
3324 502
1452 2605
3326 2420
3327 1649
3328 208
3329 1725
3448 2944
3331 2189
2918 360
3147 1417
3334 1534
3335 274
3336 2876
272 2113
3338 1907
3209 2425
3340 2656
3173 1839
2389 1588
1330 2060
3344 2259
1715 183
3346 1865
3347 295
3348 2029
617 576
3213 2970
2968 3011
1433 882
3353 2384
3354 2800
3355 1412
3356 1284
94 2178
3358 1436
1954 256
3360 3063
3361 2342
3362 1703
3363 177
172 694
3365 2898
3366 61
3367 2098
3368 2702
3369 1984
3370 1580
3371 1735
3372 2009
3373 2592
3374 1296
72 780
2886 1320
712 2306
3378 184
3379 2492
1164 2756
3381 203
3382 1977
3383 814
3384 2704
3385 2145
1623 610
3387 1464
3388 2069
3389 693
3390 1893
3391 232
3392 3056
2045 1060
3394 1143
2596 1085
3396 466
3397 1156
531 1606
3399 475
3400 118
3401 449
1067 1399
3403 114
343 978
3405 296
1349 997
3407 854
3465 840
2976 2700
3410 225
1082 2494
3429 974
3413 1787
3414 2399
2374 328
1700 1773
40 1160
3418 2282
3419 2054
3420 305
3421 18
3422 645
3423 1811
3424 1467
3425 2151
3426 800
1748 530
3428 2328
3412 974
3430 611
1640 1062
120 2860
3433 1703
3434 2840
3435 517
3436 2246
2430 2653
3438 2079
3439 1755
3440 19
3441 1757
3442 1487
3443 1954
3444 934
569 1947
3446 310
3447 1343
3330 2944
3449 2578
3450 2729
3451 69
3452 876
3453 3006
2002 2339
3455 842
3456 1052
1295 1474
2760 2686
3459 2082
3460 1620
324 826
3462 453
3031 2292
3464 700
3408 840
2201 2322
3467 310
3468 516
3469 2606
3470 1027
150 600
3472 2623
1592 302
1794 1611
3241 2398
3476 1432
614 2550
3478 541
2788 175
3480 162
3481 2958
848 2344
2092 2399
2277 2736
3485 2564
3486 422
3487 720
2185 2484
2072 2307
1108 367
2437 2227
3492 1256
3493 210
3494 2413
1445 67
2345 1402
3497 849
3498 2726
3499 1264
3500 1374
3501 101
3502 2474
3343 2060
2043 334
1253 438
3506 2441
3507 2014
3508 574
653 1065
785 2518
961 2625
3512 1519
3513 2333
3514 2394
3515 1397
2826 1501
598 119
906 1986
3519 1369
2321 1920
3521 2443
2061 2400
3523 1369
3524 1122
3525 2820
1120 1684
764 2232
3528 2817
3529 1521
1576 1276
3531 2044
