1000 723
556 473
2 483
45 126
4 71
5 505
6 524
621 632
10 104
443 98
8 104
380 310
12 348
339 249
14 243
599 335
11 310
17 442
541 1
19 43
396 566
845 48
988 289
720 41
849 30
25 614
473 193
27 353
28 613
29 613
342 256
743 681
248 546
33 128
574 673
966 543
644 671
37 411
882 571
39 308
40 578
273 377
42 108
338 562
44 350
3 126
46 128
437 522
739 267
49 67
50 167
760 364
52 220
53 653
54 161
389 537
56 629
762 516
58 368
318 294
60 156
630 368
679 679
730 644
933 96
65 387
15 335
67 445
68 403
69 511
70 640
71 410
72 296
73 355
74 39
754 519
531 514
77 714
755 684
79 427
80 614
795 291
976 57
83 616
84 412
85 134
86 391
87 318
571 15
89 441
383 328
91 550
92 9
93 133
94 21
641 235
834 16
266 670
98 521
99 71
198 175
101 89
102 165
488 343
394 514
105 12
106 37
498 290
108 693
109 279
110 578
111 63
609 383
113 277
468 112
182 642
604 418
524 66
155 572
119 454
120 707
121 168
122 181
395 311
504 282
125 119
664 719
127 105
128 394
129 496
130 586
131 504
132 507
446 173
659 416
306 497
538 35
137 402
731 69
324 155
140 350
281 673
142 393
143 24
144 205
145 258
146 160
598 234
148 162
149 2
412 467
404 486
152 619
153 346
154 576
118 572
589 641
314 19
158 173
718 610
995 542
161 596
162 232
163 255
164 178
668 687
904 222
167 324
165 687
169 377
170 206
171 208
172 332
391 708
174 602
175 253
961 436
177 472
178 470
257 337
180 349
442 212
115 642
183 83
624 611
678 144
186 150
81 291
188 710
189 497
190 56
191 166
403 230
193 392
194 515
195 190
196 423
502 18
100 175
199 39
200 550
201 301
202 461
203 110
204 626
117 66
206 609
207 672
208 192
209 695
210 263
211 352
669 699
213 298
903 70
215 104
216 722
217 301
218 303
967 285
220 666
221 362
222 458
223 105
224 498
225 186
993 200
227 127
228 261
699 531
230 307
623 557
232 387
233 562
234 3
235 502
690 160
237 675
238 488
239 194
240 17
341 244
455 667
300 426
244 247
245 609
359 155
247 651
466 546
521 643
813 65
251 580
680 372
687 700
254 325
255 676
256 480
179 337
610 232
259 523
260 31
724 430
262 660
263 61
264 502
977 274
347 670
643 662
268 199
945 176
629 157
695 280
863 494
41 377
274 723
777 141
96 16
979 513
840 108
279 124
280 238
141 673
282 182
283 233
284 527
285 209
286 43
287 53
831 79
912 85
290 391
291 247
292 401
561 381
958 276
295 135
296 564
483 654
298 142
299 555
243 426
301 417
385 573
303 717
241 244
305 535
135 497
617 547
308 433
964 309
310 398
311 374
312 470
313 696
157 19
846 604
316 448
246 155
59 294
319 13
459 382
865 479
322 91
323 347
139 155
325 633
326 31
327 443
176 436
219 285
454 106
331 89
332 582
333 701
334 178
335 224
336 440
337 444
592 562
13 249
925 495
304 244
474 256
160 542
344 574
345 25
346 564
97 670
348 295
727 620
708 493
351 414
352 491
353 411
368 707
652 246
356 55
357 283
358 449
317 155
360 231
361 231
656 294
499 251
364 423
534 13
366 477
510 708
354 707
722 109
465 557
371 256
372 457
937 177
374 62
375 411
376 628
377 594
458 653
379 333
16 310
381 587
382 297
90 328
384 622
519 573
386 255
387 712
388 242
55 537
390 519
173 708
392 718
603 461
944 514
123 311
20 566
887 33
398 378
399 610
400 136
401 599
402 367
192 230
151 486
405 239
406 628
407 427
546 373
409 86
410 394
411 676
972 467
578 706
414 180
415 129
416 583
417 84
464 479
419 108
420 148
421 27
441 128
423 302
854 75
425 500
482 484
427 275
917 592
429 357
684 331
763 186
432 502
433 145
434 89
38 571
436 631
47 522
828 139
569 599
440 432
422 128
651 212
9 98
444 324
445 577
133 173
719 182
736 615
449 90
672 566
451 17
452 423
453 219
700 106
242 667
297 654
457 709
776 653
320 382
460 360
461 663
462 646
653 45
418 479
370 557
32 546
467 612
114 112
469 147
470 429
471 101
472 425
26 193
30 256
475 293
476 515
477 715
478 617
509 399
480 197
481 547
784 484
456 654
484 328
485 649
486 575
771 5
103 343
489 43
490 198
689 269
492 189
580 220
494 533
258 232
321 479
497 288
107 290
800 251
500 387
501 311
197 18
503 707
971 282
505 560
939 327
507 329
930 282
835 399
367 708
511 481
512 486
252 372
514 465
702 571
934 686
517 380
518 615
302 573
520 544
249 643
522 42
523 657
205 66
525 375
526 630
527 414
528 297
529 481
64 96
76 514
639 252
533 270
365 13
793 435
563 148
537 541
136 35
539 661
540 350
638 1
542 338
543 715
544 329
250 65
408 373
547 584
1000 554
549 60
550 63
551 431
126 719
553 587
605 659
184 611
1 473
557 645
558 241
559 312
955 422
293 381
586 608
841 148
626 456
867 550
566 159
567 462
568 325
439 599
570 672
88 15
606 508
969 344
34 673
575 437
970 444
577 177
413 706
51 364
493 220
581 188
582 146
583 539
660 74
585 125
562 608
307 547
588 129
156 641
590 264
591 376
43 562
891 210
487 5
820 404
596 334
597 177
147 234
66 335
915 721
601 519
602 48
393 461
116 418
965 659
572 508
908 492
633 358
112 383
495 232
781 152
612 347
941 638
614 151
838 309
616 172
587 547
618 408
619 622
862 12
7 632
821 302
231 557
555 611
806 7
564 456
627 308
628 278
270 157
61 368
714 697
726 702
905 358
827 716
637 313
636 468
635 313
661 1
532 252
640 132
95 235
642 354
267 662
36 671
634 716
646 78
647 533
734 254
649 476
650 78
181 212
355 246
962 45
654 92
655 9
362 294
657 176
658 305
134 416
584 74
748 1
705 164
663 265
552 719
758 361
666 672
667 158
168 687
212 699
670 583
671 581
868 566
673 699
674 509
675 25
926 410
276 16
185 144
62 679
513 372
681 284
749 396
683 158
430 331
685 510
686 696
253 700
688 452
491 269
236 160
691 658
692 99
693 310
694 317
271 280
696 107
697 290
698 655
229 531
330 106
761 139
435 571
620 12
704 664
662 164
706 537
973 459
850 493
936 67
710 652
711 196
712 583
960 469
631 697
822 201
716 102
717 415
159 610
447 182
23 41
721 557
369 109
723 292
261 430
725 569
632 702
349 620
728 452
729 597
884 644
138 69
742 327
733 549
648 254
992 636
843 615
737 528
738 334
48 267
740 125
741 356
506 327
31 681
744 345
745 419
746 275
747 702
18 1
682 396
750 572
751 258
752 132
772 693
75 519
78 684
756 568
757 62
984 361
914 388
883 364
809 139
57 516
431 186
764 609
765 47
766 34
767 580
768 250
769 179
770 216
594 5
753 693
773 36
774 444
957 187
378 653
275 141
778 458
789 442
780 656
611 152
782 516
783 329
830 484
785 488
786 365
787 365
788 225
779 442
790 63
791 605
792 558
535 435
794 627
187 291
796 443
797 482
798 198
799 573
363 251
801 202
802 325
803 376
804 714
876 123
625 7
807 631
808 209
701 139
833 312
811 179
812 86
545 65
931 214
815 224
990 81
817 233
818 4
819 560
595 404
622 302
715 201
823 552
824 665
825 694
826 275
645 716
438 139
829 64
426 484
288 79
832 511
810 312
677 16
892 399
836 591
837 168
839 309
309 309
278 108
911 148
842 567
448 615
844 204
21 48
315 604
847 669
848 315
24 30
350 493
851 405
852 407
853 379
424 75
877 524
856 228
857 687
858 713
859 167
860 75
861 406
703 12
272 494
864 311
496 479
855 524
565 550
450 566
869 657
870 694
871 565
343 542
873 703
874 523
875 520
805 123
866 524
878 199
879 26
880 548
881 153
515 571
579 364
63 644
885 255
886 466
397 33
888 268
889 421
890 237
593 210
479 399
893 641
373 177
895 361
896 113
897 333
898 545
899 384
900 11
901 266
902 396
214 70
166 222
608 358
906 21
907 217
607 492
909 450
910 22
536 148
289 85
913 416
759 388
600 721
916 674
428 592
918 228
919 415
920 48
921 38
922 506
923 94
924 395
340 495
676 410
927 484
928 359
929 298
508 282
814 214
932 313
530 96
516 686
935 47
709 67
894 177
938 526
732 327
940 171
613 638
942 434
943 623
104 514
269 176
946 300
947 540
948 164
949 183
950 575
951 333
952 248
277 513
954 77
560 422
956 260
775 187
294 276
959 548
713 469
328 436
463 45
963 588
615 309
554 659
35 543
329 285
968 208
573 344
576 444
124 282
150 467
707 459
974 480
975 451
82 57
265 274
978 203
953 513
980 130
981 667
982 500
983 502
665 361
985 392
986 340
987 428
22 289
989 475
816 81
991 424
735 636
226 200
994 156
872 542
996 668
997 617
998 290
999 371
548 554
