1000 796
40 676
649 354
380 358
4 97
5 65
721 719
7 116
8 550
9 338
10 625
11 760
274 618
13 624
772 342
15 430
634 545
943 758
18 668
19 362
188 777
21 690
22 416
23 553
24 674
25 17
26 640
156 477
730 524
50 401
884 9
31 292
32 236
917 429
755 187
35 157
905 1
37 506
38 700
39 408
376 676
41 704
42 350
43 382
346 352
45 426
496 622
743 39
266 714
49 686
29 401
51 56
52 88
655 86
368 246
963 413
56 364
704 715
58 674
666 399
60 220
596 225
361 298
63 630
637 678
65 556
555 367
67 132
826 137
69 580
70 488
71 229
359 15
73 137
74 514
75 121
147 522
688 740
78 495
653 335
907 330
708 243
82 173
83 276
84 222
85 791
86 361
953 660
393 222
89 721
90 458
91 76
92 586
93 718
94 221
106 382
458 120
974 349
98 690
261 255
100 228
101 515
102 599
103 740
945 143
105 784
95 382
107 610
108 390
109 511
110 291
111 231
112 163
712 341
114 484
287 288
438 760
117 167
162 432
492 142
120 541
121 648
122 605
782 578
124 463
125 364
126 632
608 623
128 397
580 699
576 413
314 418
452 683
133 503
134 231
135 103
477 115
137 18
593 472
139 19
140 344
141 6
288 726
146 379
277 323
874 37
143 379
76 522
148 99
149 136
158 191
48 714
152 482
153 1
154 404
155 368
27 477
279 455
150 191
159 605
160 697
534 254
118 432
163 417
164 160
178 523
166 76
787 440
924 551
695 617
170 205
237 754
172 292
173 20
698 274
478 670
176 340
550 743
165 523
179 668
180 55
822 325
603 653
183 776
184 628
866 209
186 226
187 460
20 777
189 318
739 254
96 120
192 681
193 384
194 105
638 86
456 545
197 10
198 669
199 311
560 535
201 466
709 654
203 671
59 399
205 713
384 579
243 529
955 726
719 685
210 195
211 534
212 751
213 168
774 320
667 565
216 502
270 331
218 477
909 81
220 746
221 663
222 667
223 254
224 791
225 581
226 146
493 174
228 256
229 233
329 96
231 372
680 465
358 542
519 49
503 642
959 78
171 754
582 47
185 209
240 234
241 550
733 38
207 529
244 594
245 316
246 283
247 466
248 159
460 453
920 601
251 102
433 346
253 124
254 707
239 209
256 409
257 478
258 474
609 255
260 684
693 255
436 441
263 23
264 574
265 294
151 714
267 522
268 93
269 562
217 331
271 237
272 273
273 448
12 618
275 415
276 544
144 323
278 172
157 455
280 350
586 710
282 776
283 438
284 507
285 59
286 643
115 288
142 726
289 325
290 740
291 138
292 400
293 773
294 411
606 574
206 579
751 336
868 650
927 370
300 528
301 301
302 108
885 177
304 68
305 789
374 221
307 377
308 576
309 712
310 259
311 452
312 516
313 412
131 418
977 216
886 389
317 440
295 574
319 657
320 385
321 130
510 666
323 388
324 271
325 146
326 616
327 585
564 739
349 96
939 135
331 686
332 297
333 680
334 239
981 211
336 446
462 168
338 573
339 224
340 165
341 138
342 732
343 540
215 565
891 563
44 352
823 433
348 755
230 96
785 285
351 63
352 760
353 593
804 752
355 612
356 750
357 727
233 542
72 15
360 407
501 298
362 422
475 705
858 549
365 189
366 281
987 570
54 246
445 781
370 392
898 736
481 672
373 700
306 221
168 551
1 676
377 748
378 20
379 748
3 358
381 189
382 514
383 485
296 579
385 692
386 621
750 223
388 437
389 261
390 304
760 555
392 531
88 222
584 333
395 13
396 403
397 365
398 425
227 174
400 111
401 554
402 167
686 300
404 640
713 718
406 633
407 754
33 429
409 627
410 469
784 294
412 268
413 730
414 544
415 328
416 117
417 162
418 242
419 260
420 356
421 767
422 732
403 300
424 742
541 518
426 681
427 68
912 420
464 698
430 72
431 559
432 123
252 346
434 508
791 451
262 441
281 710
116 760
716 295
80 330
234 49
442 179
443 598
997 392
570 781
446 725
447 248
448 695
449 186
450 428
726 792
132 683
525 71
561 198
867 571
16 545
299 370
191 120
459 17
249 453
473 199
337 168
463 61
429 698
465 317
803 268
467 707
660 557
470 484
469 484
471 67
81 243
461 199
474 735
363 705
476 258
136 115
837 670
775 630
480 129
372 672
482 720
483 373
484 94
696 395
486 493
487 44
488 352
489 637
490 160
491 128
119 142
399 174
494 104
485 395
631 622
497 407
509 498
568 131
500 365
62 298
502 334
235 642
504 566
505 531
661 266
722 561
508 89
498 498
322 666
511 42
538 36
983 170
514 560
515 438
516 59
517 329
518 751
897 49
520 201
651 611
522 22
523 369
524 14
453 71
77 740
527 69
371 736
529 148
177 743
531 557
532 505
533 554
190 254
472 243
930 144
537 107
512 36
539 155
540 262
425 518
542 180
543 122
544 677
545 292
546 259
547 411
548 73
549 785
530 743
551 604
552 166
553 188
554 154
66 367
618 428
557 766
558 301
364 549
200 535
454 198
562 697
127 623
328 739
565 200
566 213
567 689
499 131
569 695
369 781
571 226
572 527
644 612
574 145
575 432
130 413
577 660
843 85
607 437
129 699
581 329
238 47
820 184
394 333
585 379
437 710
587 365
588 415
589 704
747 290
591 419
592 751
665 472
594 387
595 164
61 225
597 27
598 412
641 489
600 350
601 190
617 680
182 653
604 198
605 784
318 574
579 437
563 623
855 255
610 419
204 399
612 767
613 447
614 43
615 434
616 423
602 680
556 428
619 371
970 33
621 471
622 575
623 318
624 422
625 355
626 445
367 570
628 280
777 644
762 597
46 622
632 113
633 533
196 545
635 615
949 171
806 678
53 86
639 376
640 250
599 489
330 135
643 260
573 612
645 470
646 746
647 724
889 72
2 354
936 753
521 611
652 42
79 335
654 298
195 86
656 87
657 210
658 279
659 61
468 557
506 266
662 283
663 756
664 175
138 472
611 399
344 565
668 535
669 464
670 45
853 462
833 332
705 92
674 347
675 730
113 341
677 439
678 20
679 572
232 465
681 286
682 402
683 709
684 634
812 528
423 300
687 528
526 740
689 154
14 342
869 54
935 31
99 255
694 212
169 617
495 395
931 337
174 274
699 86
700 287
701 321
702 447
703 624
975 715
673 92
706 98
738 217
535 243
937 654
710 249
711 741
676 341
405 718
972 162
715 639
439 295
717 613
962 548
209 685
455 571
6 719
507 561
857 432
724 32
725 402
451 792
727 709
728 256
729 194
28 524
731 147
732 35
242 38
734 421
735 121
736 513
737 469
707 217
161 254
1000 591
741 461
742 374
47 39
811 765
745 227
746 2
590 290
748 378
749 393
387 223
297 336
752 513
753 595
754 473
34 187
756 241
757 180
758 367
759 716
391 555
761 564
630 597
763 53
764 100
979 696
766 94
767 214
768 525
769 298
928 51
723 432
690 342
773 747
214 320
479 630
776 587
629 644
778 390
779 235
771 432
781 577
123 578
783 745
411 294
350 285
786 330
167 440
788 62
789 341
790 3
435 451
792 84
793 414
794 374
795 250
796 30
797 691
899 77
799 592
879 240
801 505
802 409
466 268
354 752
805 475
64 678
807 577
808 738
809 106
810 437
744 765
685 528
813 636
814 733
815 487
17 758
817 126
818 454
819 286
583 184
821 230
181 325
980 433
824 326
825 279
68 137
827 52
839 176
829 304
830 612
831 315
832 195
672 332
834 282
835 311
836 152
175 670
896 235
828 176
840 618
841 589
842 101
578 85
844 387
845 319
846 155
847 340
848 293
849 779
850 620
851 676
852 436
671 462
854 421
259 255
856 302
780 432
559 549
859 694
860 637
648 72
862 496
863 725
864 118
865 97
255 209
720 571
298 650
691 54
870 188
871 540
872 717
873 232
900 37
875 404
876 308
877 756
878 111
951 240
880 134
956 271
882 322
883 381
30 9
303 177
316 389
887 694
888 722
861 72
890 182
345 563
892 194
893 220
894 400
895 339
838 235
441 49
528 736
798 77
145 37
901 536
902 626
934 89
904 190
36 1
906 703
440 330
908 218
219 81
910 697
911 344
428 420
913 573
914 701
915 420
916 23
408 429
918 193
919 619
250 601
921 27
922 169
923 257
375 551
925 428
926 731
457 370
770 51
929 299
536 144
697 337
932 641
933 234
903 89
958 31
650 753
202 654
938 737
642 135
940 34
941 362
942 310
816 758
944 98
976 143
946 584
947 307
948 93
636 171
950 736
800 240
952 6
87 660
954 149
208 726
881 271
957 794
692 31
236 78
994 277
961 621
718 548
55 413
964 449
965 393
966 279
967 110
968 540
969 346
620 33
971 85
714 162
973 24
97 349
57 715
104 143
315 216
978 605
765 696
347 433
335 211
982 623
513 170
984 177
985 140
986 125
627 570
988 142
989 548
990 75
991 682
992 735
993 109
960 277
995 112
996 795
444 392
998 557
999 139
740 591
