1000 978
744 255
2 843
3 623
4 145
5 95
184 89
7 174
8 561
526 555
10 297
11 379
12 795
13 516
14 788
15 788
16 879
17 532
660 429
19 892
691 126
21 813
22 650
23 614
24 682
25 363
277 176
27 340
28 214
29 752
30 246
734 182
32 855
33 771
34 155
35 576
36 760
37 898
549 422
39 168
40 153
41 527
42 856
686 141
44 26
45 857
46 844
249 317
48 500
49 195
50 633
51 242
52 964
53 178
54 932
55 768
56 898
57 207
525 479
578 538
60 590
937 73
62 275
830 85
64 586
65 37
177 864
180 495
68 594
69 493
699 66
71 151
72 846
73 679
701 660
75 592
459 262
77 410
78 654
104 959
80 816
81 390
900 932
83 748
84 265
183 811
86 96
347 437
88 233
149 388
90 505
91 115
92 789
93 6
97 702
95 13
96 591
230 702
98 168
99 144
100 132
101 553
594 125
103 548
79 959
105 201
106 361
171 703
108 352
109 833
714 134
111 45
112 875
113 882
114 835
304 120
837 401
757 642
610 528
119 256
987 69
121 970
122 56
123 938
196 597
605 132
126 567
316 875
128 468
129 536
130 564
907 149
132 44
682 52
323 243
873 362
136 661
596 251
713 694
722 343
140 423
141 377
38 422
588 537
794 523
145 722
676 748
147 613
765 36
89 388
800 914
151 360
152 543
153 370
154 540
784 672
156 785
157 418
158 604
159 729
160 771
161 168
472 936
434 58
164 400
680 845
166 362
167 33
956 668
169 844
170 720
107 703
172 197
124 597
174 850
572 244
817 291
66 864
786 356
179 753
67 495
181 493
182 174
85 811
580 89
185 631
774 222
751 83
188 61
718 791
115 120
191 304
514 853
193 818
978 22
250 43
211 597
257 469
500 808
964 135
777 321
201 8
202 598
203 566
204 117
595 669
212 915
207 78
208 359
209 117
318 282
173 597
206 915
213 643
214 643
715 115
433 927
217 238
253 310
362 615
220 14
221 909
222 48
223 514
224 301
225 292
226 127
439 350
228 697
229 968
552 702
231 605
232 32
233 584
305 211
235 177
236 302
237 76
238 86
239 308
240 746
241 942
242 133
243 739
854 555
245 79
246 795
458 750
248 183
343 317
704 43
251 534
924 353
218 310
254 54
790 888
256 9
529 469
258 745
538 249
260 953
261 885
927 200
531 291
264 916
858 949
861 80
267 98
268 105
269 522
622 945
271 843
309 922
665 158
274 278
484 311
876 152
26 176
278 171
279 133
512 550
281 751
200 321
283 897
284 955
285 631
286 329
287 107
288 322
289 436
290 626
291 710
292 963
293 511
826 314
295 140
296 768
297 389
951 78
299 294
877 283
301 424
302 428
263 291
190 120
234 211
306 190
307 891
308 892
272 922
310 933
697 665
312 649
667 606
314 332
913 571
745 875
317 807
210 282
319 148
320 40
321 944
322 318
134 243
813 825
325 616
326 830
553 123
328 152
329 892
330 595
331 430
18 429
333 4
353 435
771 425
336 966
471 830
652 509
339 825
340 275
341 327
342 224
47 317
344 415
345 653
825 489
87 437
348 839
783 293
350 410
629 346
352 629
334 435
354 479
355 202
356 551
498 894
358 833
359 201
360 787
361 862
633 615
363 737
364 156
365 394
743 59
497 179
368 382
788 764
878 470
371 325
372 800
373 533
374 320
375 622
895 685
377 884
378 883
394 515
380 965
381 766
382 134
383 804
384 876
385 731
386 676
387 774
388 978
389 508
390 530
391 387
716 379
393 409
379 515
395 33
396 908
632 250
398 805
399 713
400 159
327 123
411 106
403 143
116 401
405 827
311 665
648 81
723 969
793 798
410 154
402 106
412 600
413 704
447 396
415 264
416 225
417 22
906 568
419 112
688 520
421 520
422 13
423 8
634 956
425 715
426 939
427 296
749 832
429 295
607 812
431 352
432 904
216 927
163 58
435 42
947 767
437 83
811 153
227 350
440 382
641 757
467 404
443 815
444 947
445 551
446 284
414 396
448 316
449 349
450 119
846 866
452 871
453 582
454 250
455 27
456 946
869 6
475 750
76 262
460 451
461 825
928 871
463 912
464 811
494 606
466 806
442 404
468 350
469 775
470 345
337 830
797 936
476 780
474 678
247 750
473 780
477 209
478 423
479 961
480 185
31 182
482 288
483 616
275 311
485 741
486 512
487 315
488 781
944 942
490 749
491 276
492 159
493 784
313 606
495 661
496 286
367 179
357 894
499 408
198 808
754 176
502 333
522 218
504 891
505 137
506 529
507 837
508 506
509 763
510 864
511 663
601 550
785 793
192 853
836 890
516 629
517 838
639 446
886 408
520 715
521 729
503 218
197 469
524 481
58 479
244 555
527 921
528 535
523 469
530 283
176 291
532 478
533 845
534 162
535 931
536 876
537 491
259 249
539 640
611 131
541 221
542 869
543 590
544 228
545 664
546 904
547 679
548 779
142 422
619 518
551 279
94 702
401 123
554 501
555 785
556 937
557 81
558 860
559 113
560 503
561 163
562 296
563 126
564 146
565 674
566 620
567 693
729 240
569 230
623 907
571 516
175 244
573 589
574 434
575 921
576 725
577 75
59 538
579 861
6 89
366 59
582 696
583 780
663 347
585 430
586 465
587 198
143 537
589 29
590 547
591 461
592 265
593 514
102 125
205 669
137 251
597 478
598 167
599 166
739 234
280 550
602 39
603 557
604 818
125 132
606 743
430 812
608 836
609 544
118 528
540 131
612 340
613 485
614 668
615 186
616 565
617 831
618 794
550 518
736 925
621 465
270 945
806 907
624 809
625 885
626 487
627 569
628 974
351 346
630 695
631 908
397 250
219 615
424 956
635 608
636 457
637 571
638 802
518 446
640 646
441 757
642 585
643 170
644 17
645 649
646 971
747 761
407 81
649 846
650 66
651 903
338 509
653 93
654 621
655 306
656 625
657 289
658 366
805 708
332 429
661 333
966 627
584 347
664 7
273 158
666 579
465 606
932 847
669 533
670 505
671 770
672 519
673 901
674 217
675 50
146 748
677 278
678 588
679 58
165 845
681 843
133 52
683 160
684 463
685 351
43 141
687 765
420 520
689 554
690 669
20 126
835 273
693 632
694 186
695 101
696 745
406 665
698 498
70 66
700 383
74 660
702 100
703 215
711 43
705 753
706 887
707 354
708 416
408 969
710 558
195 43
712 827
138 694
110 134
215 115
392 379
824 903
189 791
719 283
720 575
721 864
139 343
709 969
724 876
725 75
726 144
727 60
728 232
568 240
730 950
731 794
732 475
733 324
481 182
916 536
620 925
737 31
738 149
931 234
740 294
897 946
742 884
581 59
1 255
127 875
746 64
647 761
748 129
428 832
750 849
187 83
752 918
144 523
501 176
755 769
756 315
117 642
758 899
759 647
760 96
761 402
762 458
763 118
867 705
148 36
766 618
767 276
872 634
769 35
770 913
335 425
884 27
773 664
186 222
775 2
776 724
282 321
778 1
779 899
780 424
856 762
782 304
349 293
935 672
513 793
178 356
753 523
369 764
789 605
255 888
791 800
792 486
409 798
787 523
795 377
796 187
162 936
798 259
799 923
150 914
801 172
802 164
803 77
804 492
659 708
570 907
807 150
808 199
809 673
810 55
438 153
812 906
324 825
823 94
815 191
816 294
303 291
972 358
819 433
820 484
821 492
822 633
814 94
717 903
346 489
294 314
845 274
828 698
829 18
63 85
953 844
832 800
833 42
834 587
692 273
515 890
404 401
838 208
839 165
840 471
926 638
842 304
843 671
844 832
827 274
451 866
847 839
848 104
849 19
850 818
851 327
852 514
853 806
9 555
855 459
781 762
857 556
265 949
859 246
860 156
266 80
862 398
863 575
864 776
865 63
866 171
764 705
868 684
457 6
870 124
871 277
768 634
135 362
874 882
875 967
276 152
300 283
370 470
879 789
880 638
881 810
882 110
883 558
772 27
885 711
519 408
887 797
888 221
889 526
890 717
891 159
892 407
893 606
894 917
376 685
896 86
741 946
898 755
899 443
82 932
901 412
914 841
903 30
904 17
905 120
418 568
131 149
908 322
909 559
996 255
911 205
912 889
315 571
902 841
915 261
735 536
917 490
918 530
919 577
920 699
921 140
922 690
923 432
252 353
925 193
841 638
262 200
462 871
929 375
930 508
600 234
668 847
933 722
934 359
155 672
936 813
61 73
938 109
939 677
940 521
941 341
942 124
943 862
489 942
945 21
946 161
436 767
948 563
949 787
950 196
298 78
952 541
831 844
954 126
955 575
168 668
957 173
958 867
959 775
999 957
961 780
962 614
963 694
199 135
965 883
662 627
967 201
968 468
969 436
970 733
971 154
818 358
973 624
974 826
975 683
976 108
977 326
194 22
979 121
980 63
981 466
982 785
983 718
984 630
985 673
986 62
120 69
988 596
989 881
990 778
991 245
992 554
993 546
994 412
995 760
910 255
997 476
998 611
960 957
1000 451
