100 13
30 11
64 4
10 10
85 7
87 5
6 13
91 13
32 8
65 3
21 10
92 2
76 11
41 12
97 7
58 12
18 13
50 8
20 13
75 1
7 13
3 10
14 7
19 1
2 4
83 6
26 2
38 9
24 4
9 3
93 11
11 2
89 8
28 4
15 12
82 6
39 4
37 7
88 9
81 4
69 3
72 12
99 11
98 5
70 6
33 4
46 9
17 8
48 6
22 7
71 8
51 13
5 5
42 11
55 2
86 2
63 12
57 9
95 12
54 2
1 11
29 3
35 6
56 12
45 4
61 3
44 6
67 6
68 10
79 3
66 6
78 8
77 12
59 2
74 9
23 1
60 11
34 12
47 8
40 3
90 7
36 4
25 6
62 6
84 10
4 7
73 2
43 5
94 9
8 8
80 7
16 13
31 2
12 11
27 9
13 12
53 11
49 7
52 5
96 11
100 13
