100 88
1 3
87 1
6 6
8 76
68 54
3 6
7 73
4 76
52 51
10 76
11 25
12 8
24 34
14 26
9 51
16 43
50 39
19 19
18 19
20 3
21 48
91 80
75 36
13 34
25 18
26 11
69 58
28 22
29 12
30 45
31 14
32 23
33 69
34 85
35 84
36 4
37 72
45 63
39 39
38 63
90 16
46 9
98 58
44 35
40 63
42 9
47 20
48 13
49 7
17 39
51 28
15 51
53 62
64 1
55 13
56 66
94 56
58 80
59 87
60 2
61 65
62 50
63 33
54 1
65 85
66 5
67 63
5 54
27 58
70 33
43 58
72 82
73 26
74 38
23 36
76 53
77 24
78 68
79 83
80 31
41 16
82 17
83 47
100 52
85 38
86 40
2 1
88 28
92 70
81 16
22 80
89 70
93 44
57 56
95 20
96 27
97 42
71 58
99 46
84 52
