5332 57
5114 22
1477 22
4212 11
2278 18
1190 56
4918 4
2380 34
4640 35
5198 54
3170 22
4783 36
5240 7
1344 48
299 1
610 33
816 19
2484 24
4112 32
3031 30
3972 18
1654 8
168 35
1938 24
4033 57
2568 6
3849 6
821 37
4971 24
3953 18
2440 40
1407 9
2479 5
4310 36
563 17
3642 39
1537 33
5003 2
4996 5
3178 39
4440 55
4608 27
3408 42
4731 37
1782 47
2149 5
616 15
1796 27
4110 4
340 56
4057 56
1751 39
2238 1
2718 30
3256 9
1255 29
2837 24
4809 36
2563 44
3624 26
302 25
4147 15
262 31
1413 6
5182 15
331 8
3145 56
3229 41
3625 41
791 56
2823 4
4427 36
5289 47
5127 2
1462 21
365 43
5186 56
1156 52
4073 6
2873 17
4898 46
1706 22
3233 20
4649 2
3855 54
1898 8
3618 23
2403 20
2425 18
2387 33
2906 4
1871 9
4902 45
818 20
1322 23
669 55
2344 13
1536 11
3943 22
389 20
4197 32
1507 31
1631 1
1504 11
1110 23
5018 51
1452 54
2772 48
133 39
1548 50
2244 24
2546 30
4077 50
5034 12
2035 3
5263 1
1474 35
3862 8
2952 17
2540 53
1560 16
229 37
4257 45
175 12
802 14
5210 53
1439 18
1214 46
1328 20
1292 27
4428 43
2697 54
1591 41
1179 18
1897 28
2289 39
1082 38
516 12
1658 43
5094 29
2834 12
4223 8
468 4
3919 2
2300 53
4477 33
1029 28
1069 54
3454 44
5261 36
954 50
4647 12
4803 13
1443 45
394 30
2348 14
4113 29
3362 33
1320 18
3298 14
4936 44
3355 53
529 14
3585 1
1153 43
3798 54
2920 21
2174 13
3494 16
3764 37
3902 40
2256 25
2464 27
970 41
2588 51
5173 32
2169 21
1116 10
5137 14
2013 43
5212 36
1239 55
3888 23
2273 15
5313 3
2632 29
3559 53
5222 9
3040 11
3174 34
3689 26
1460 29
2977 36
2643 46
3425 40
352 35
1043 16
1406 9
4784 9
3479 54
1007 7
1611 18
459 20
4734 9
3506 40
531 48
1132 17
5002 25
4287 10
1552 35
9 51
2431 44
4014 19
4735 22
2518 11
128 47
2669 9
4330 12
1023 33
2354 33
870 1
4056 45
215 57
118 15
1995 34
1085 6
456 38
4780 20
2056 32
4329 27
4999 41
3210 10
989 5
559 48
2102 17
4792 40
3294 12
2574 11
3447 23
4503 46
193 5
2496 15
3741 5
1957 19
3786 15
3386 46
2033 21
4787 38
1974 51
2381 49
713 18
4459 25
1077 25
1659 25
1369 25
1678 40
224 38
969 56
918 47
605 5
3010 51
140 34
4123 47
93 30
813 5
4544 53
1465 24
2850 1
3982 45
2676 21
3545 24
4832 51
4124 15
3151 56
1027 46
420 48
2804 1
583 14
3854 17
1280 48
5325 45
3244 15
4183 57
2178 39
3558 5
3316 48
2286 37
4214 10
2287 31
1701 49
2191 18
712 55
3965 47
1020 33
4969 48
5274 25
3139 54
1216 52
82 4
1251 49
149 25
2299 3
1326 35
3073 29
3958 19
1632 2
3012 52
1873 5
1165 14
2715 17
3690 14
1620 39
2156 17
1753 35
840 10
3463 30
4719 14
1815 47
893 31
2711 21
2062 37
47 15
914 8
998 39
4202 46
4967 45
3634 53
579 3
4174 38
1441 25
588 56
5297 30
3452 17
4306 3
3193 25
3147 22
223 53
958 34
3067 43
2203 14
4002 7
3409 1
920 28
4006 32
1780 42
3112 55
714 11
1211 28
4551 45
2485 13
5214 48
4177 22
3556 54
996 53
4901 11
3209 51
2593 49
350 48
2222 51
4429 19
4493 48
720 39
4140 12
3523 22
4643 42
4224 18
2670 23
1109 48
1115 42
1832 9
4939 16
5191 28
3458 33
3171 56
1813 47
1930 50
3866 7
4279 53
3877 10
3375 51
4461 14
4952 16
2274 11
869 42
2557 30
3491 47
4284 11
597 30
1291 31
4087 39
4766 57
1095 52
2394 35
2860 50
3422 47
1227 23
1660 18
216 25
3805 1
3538 44
1884 20
3236 10
3738 21
3817 44
4235 34
5104 22
3566 5
4617 32
2657 47
231 8
4189 43
4520 16
2333 17
1887 5
935 55
4193 10
2236 35
1673 20
2040 37
1878 28
624 45
4488 11
5088 23
4753 55
1549 22
2633 28
4322 11
2476 56
4768 24
4364 20
2285 45
923 2
1006 57
2163 29
1025 9
4404 45
684 14
4297 2
2849 7
1383 8
4216 56
4705 27
4054 37
4700 34
5283 15
5068 54
609 38
1967 42
934 8
585 54
4010 41
1316 38
1509 4
4134 11
482 12
179 11
4563 6
2366 20
5014 9
4371 46
1699 37
5149 49
2457 11
1426 23
4358 48
505 14
3619 26
4973 57
165 40
1010 4
1630 2
1096 11
3047 4
2754 10
1559 2
2816 29
4801 45
5219 4
4158 7
1421 51
317 19
2778 56
2414 38
2206 55
1908 25
3672 48
4694 1
3535 29
3778 15
1710 12
4590 25
1133 43
3802 56
4950 52
586 21
1731 56
4863 36
900 16
1639 42
1708 24
157 39
1461 45
4972 13
1123 42
2805 13
3321 49
2284 13
2812 27
844 56
3187 6
919 34
1768 22
1183 35
4509 55
70 44
5142 23
743 48
2863 22
1596 24
4424 13
1433 37
5323 7
2618 48
353 49
2077 23
1737 43
1647 40
4047 42
2970 2
552 16
5015 13
36 41
4609 39
625 26
5126 7
1636 23
3608 26
777 37
4806 41
1342 45
567 5
3364 28
3376 41
4458 43
3480 47
2428 23
3641 8
747 17
3477 25
4953 22
4644 4
2744 8
3486 50
5294 21
1822 41
16 39
2197 42
38 52
3970 46
3820 13
2526 23
1299 1
1834 56
972 47
4965 51
159 27
2846 18
1585 26
1220 52
4200 56
4286 19
3685 51
2891 38
2693 48
2585 47
4041 52
266 3
4704 56
2581 49
236 49
2600 17
5115 32
4288 16
2751 31
3398 19
3787 54
3680 2
2048 42
774 13
4531 44
17 20
5170 43
5167 9
4815 47
458 56
5006 25
1637 23
1859 11
2596 14
1144 48
4676 5
981 41
3352 4
2213 17
1514 16
4631 1
4917 16
4148 22
3598 6
1740 13
2886 45
4100 57
794 49
5332 37
284 19
4035 18
733 22
4638 45
151 2
1076 12
3671 55
3945 21
4865 35
3911 44
4160 37
160 53
3857 1
3915 55
4992 57
3287 8
1403 47
1282 31
517 5
589 53
2879 7
5037 38
245 57
5066 23
4571 12
432 49
2148 46
4974 11
3613 36
4756 32
2363 56
498 40
3662 30
64 31
3926 18
5029 26
4600 10
2555 5
68 39
2815 39
1012 6
2098 18
3914 17
5153 31
1691 45
3571 38
85 22
4016 32
4280 47
4958 44
2435 12
1241 41
2784 29
1535 46
2753 4
4275 27
3496 55
3099 40
4350 32
1359 35
3363 41
3951 24
4508 8
5081 16
3885 14
2234 9
3169 51
3845 52
4230 6
4466 40
50 1
5180 15
1953 4
3716 14
514 17
3071 2
3871 28
4314 18
3833 45
3149 55
4758 50
4843 43
2447 45
4226 46
1847 9
2116 53
2155 54
2314 16
4940 2
3345 9
987 27
4115 10
211 30
477 31
2384 16
3526 52
2550 2
4120 39
4823 35
2220 22
1937 26
4269 9
433 49
2504 5
4272 50
1411 42
4910 21
3013 10
2346 13
2506 35
3961 53
564 10
1141 25
945 11
3686 41
3074 39
3042 23
2499 30
1627 13
891 46
2264 1
2731 30
472 20
3109 39
5229 38
4171 23
4354 4
2919 28
1574 42
3948 56
1511 40
856 22
3592 12
1513 17
1296 35
1986 26
3421 26
2154 28
4769 38
265 44
1697 11
3983 41
3853 2
3703 31
232 40
4962 54
3120 34
3309 11
1024 9
3428 55
1370 28
3599 49
4168 31
2080 31
3652 24
5025 6
739 39
5116 46
1500 13
5267 32
116 6
2525 37
3510 30
2049 30
2984 20
678 4
2396 30
430 37
4434 37
5156 28
3140 56
4765 46
4146 31
2924 18
1547 2
1321 56
5177 41
332 5
2896 2
2406 32
2067 34
2337 26
3803 21
2605 11
3234 33
771 1
4031 25
1272 37
1778 24
4697 45
950 53
693 24
5091 6
101 29
2655 50
1522 39
2705 41
1645 55
4479 31
42 8
2005 54
741 7
1677 43
4152 24
1904 54
2389 56
453 14
5184 2
1977 54
3470 12
3107 4
3920 16
4186 20
2757 21
1200 17
1564 6
2651 56
2283 45
2420 23
261 16
4836 55
999 46
2157 20
3887 51
1464 34
2505 47
5209 27
1800 5
834 45
590 48
2836 3
2688 22
1063 37
3661 48
281 55
1047 7
2567 31
1864 22
3059 12
3673 3
5092 3
3946 34
239 38
1675 1
1885 47
1694 45
4270 6
3940 32
1905 49
2304 6
2324 49
3087 38
419 14
2646 38
863 2
4374 50
5266 25
1671 49
3774 29
611 29
2559 18
1900 20
3522 16
5326 28
2281 52
381 29
2659 36
3511 7
3218 15
4500 9
4359 29
4964 7
2848 42
3072 7
2089 4
2093 11
653 20
3207 55
4776 41
3021 6
405 44
241 18
5121 56
614 9
4090 50
2626 8
1014 45
1545 43
980 28
4451 48
4933 22
1744 47
2847 40
2458 48
2864 41
150 33
1997 23
3736 44
4743 44
3325 49
2043 57
2272 15
2497 48
2993 43
3061 57
18 38
820 8
359 55
593 13
978 2
1674 14
866 25
378 54
4577 15
1408 53
4026 10
2615 9
89 23
1587 57
4812 51
3557 23
94 21
2760 23
2758 33
2401 17
2051 1
2774 45
5145 24
4895 6
2402 50
3468 9
1814 9
3502 44
1635 45
243 6
3123 35
1910 38
2310 2
4319 20
4064 21
4948 52
2536 38
3517 18
398 46
1527 44
2511 11
3404 36
3665 49
164 36
114 38
1195 50
2983 48
5016 2
1618 14
4841 32
337 34
230 25
4614 18
2032 46
1752 43
2205 13
2576 50
1455 51
1906 10
2146 11
462 24
3019 23
5040 23
2480 41
1498 45
1972 33
3882 33
1212 4
1980 57
2202 41
2014 35
321 3
2672 9
199 40
19 37
2454 43
4546 6
256 29
2955 2
5112 25
2935 9
2134 46
1098 55
4032 52
162 27
86 21
3500 54
4178 43
1135 37
4392 36
5064 42
1343 10
186 2
1686 43
1401 33
79 55
2193 13
5113 56
926 21
1491 52
1702 9
3507 15
1508 4
3516 16
1140 24
1030 51
4048 22
3441 35
120 41
5074 44
551 49
84 49
805 39
4514 13
4684 21
3722 41
1002 40
2914 15
4130 55
734 3
2184 4
2771 49
1676 22
1990 8
3894 1
1288 2
2319 10
5216 48
3994 14
510 41
1773 45
5196 48
666 36
793 38
2911 40
5189 40
1760 27
2768 3
3450 35
530 40
640 52
4075 10
3272 57
4610 40
3347 20
2548 5
5292 27
1245 23
4861 31
4989 30
27 47
3890 10
1789 19
832 48
3880 23
252 47
4871 23
1399 17
4268 44
3306 34
4442 14
2865 53
1996 29
3767 40
4519 51
2385 2
131 49
646 17
4347 29
2931 25
127 12
3620 35
4081 33
4762 37
260 41
75 20
4502 3
2930 17
2407 50
2350 34
4025 42
800 44
875 20
1643 50
1749 15
822 23
3711 21
4878 37
2083 39
2940 47
3609 35
3424 54
4489 42
2541 21
4507 9
2327 44
5028 29
1724 56
4391 43
3317 38
4913 36
4737 49
4633 37
2654 46
31 47
3442 5
5309 42
4987 35
2224 57
2782 52
402 12
4253 55
4528 8
2764 35
2170 38
2265 6
5049 8
2357 43
933 52
3578 19
760 16
307 2
4984 18
1108 19
4912 28
4463 23
3646 50
3101 15
2844 6
1314 11
558 27
4419 34
3253 38
1309 12
5042 13
1097 7
2723 31
4449 38
2792 44
4445 5
4029 24
3868 22
738 3
3249 25
4231 29
269 31
2262 35
4187 54
3775 27
2312 5
1925 18
351 10
4515 41
5166 48
540 33
4510 3
3323 49
2560 38
4265 41
2517 57
1428 34
764 13
4243 1
4247 56
2650 27
1112 47
3971 11
7 18
4069 4
851 18
297 17
3 49
4296 22
1134 20
5046 47
2647 54
1987 8
4980 34
853 54
1490 24
3906 21
3968 11
3332 45
4810 15
2602 49
2002 6
1307 54
1122 29
4639 36
3800 25
3747 4
1059 22
4473 33
443 23
3305 27
1171 7
1966 17
3290 6
3361 15
3927 51
483 47
5185 15
4117 22
4282 13
2974 2
44 24
3373 23
2361 39
4150 45
5000 39
2653 6
2638 20
5241 41
1985 13
3883 1
903 12
306 44
3474 22
5225 8
3742 16
3411 30
3121 18
400 35
2362 48
2727 42
1588 19
542 28
995 38
1492 19
1769 22
5330 21
1783 11
4039 46
4415 22
3584 14
3828 33
4405 13
4732 2
3728 55
5204 3
2375 10
1830 28
3124 8
2570 39
1247 55
3706 19
3382 22
2198 3
5036 1
561 28
4328 56
3033 45
2617 37
1981 25
878 17
645 46
695 41
4993 22
452 4
4761 43
1045 18
5119 54
471 28
3182 55
1939 28
2257 30
4085 12
4173 18
674 43
2532 46
526 38
3776 33
2729 32
1221 50
3081 48
2325 28
4431 34
1161 30
3657 45
3587 39
1170 24
4511 40
1723 29
3455 57
5331 41
3937 24
4305 34
4892 22
1891 4
1956 8
4867 34
1970 24
4179 17
2342 45
3085 32
4484 46
4716 34
3371 8
364 26
3176 34
1302 20
854 38
3097 43
3181 2
798 20
4066 16
1346 49
2513 50
703 49
233 32
2200 17
4351 24
1994 1
4685 34
560 52
509 41
2701 10
815 46
1487 57
4291 3
2745 49
1290 40
2424 32
4526 27
4180 56
1215 3
754 2
2488 23
3048 38
782 22
2332 12
1629 44
2094 28
15 53
2247 37
2409 15
1854 28
2010 31
5135 4
1126 54
2542 57
5277 38
3196 57
1072 1
4414 45
709 45
4292 52
5009 5
2110 29
3932 42
941 13
3175 6
4182 24
228 38
4086 4
53 15
180 24
1038 52
2073 45
388 6
4886 26
2291 20
511 28
71 55
1794 29
3159 48
1946 36
2999 33
4648 19
3039 29
3349 46
3357 26
3333 3
2059 18
303 16
2207 50
1164 25
2493 35
2297 4
4089 19
3444 12
3710 52
3032 25
3843 8
2806 5
2765 33
691 28
2378 56
4307 23
4566 21
4191 18
4549 13
397 10
295 47
1862 19
4337 1
4076 21
3785 47
4204 20
4866 30
2642 27
4981 54
2453 7
1390 13
2658 57
2552 27
659 55
4842 46
1684 27
1265 41
409 17
5022 27
2140 25
413 24
1376 46
2235 22
3065 27
1770 11
4906 49
947 43
4656 46
1091 15
161 45
1572 26
4652 29
3338 40
4763 54
4495 11
513 16
533 46
3959 9
2211 13
465 24
959 13
3052 20
3519 13
3343 20
4827 57
1942 44
2870 12
910 49
3314 32
1050 7
3435 53
3717 12
3616 49
841 12
689 4
546 49
696 53
4533 4
1124 14
286 28
2690 34
1651 29
1965 38
2441 4
823 54
3358 17
3064 16
298 21
2535 3
1276 44
776 23
2229 56
5243 20
2004 55
1518 35
2121 11
1765 49
4666 57
4206 32
1869 47
4433 26
312 3
4058 22
2612 2
4483 47
3501 13
2469 39
1196 21
5286 17
4759 52
2681 12
4951 12
835 14
2735 18
5329 35
1445 12
4545 36
3377 18
1131 22
3367 21
2001 18
3772 45
2212 48
2989 6
3872 9
3933 57
4587 47
4063 48
3756 24
155 41
929 12
3555 20
122 50
4833 13
4818 26
1935 32
1969 39
5269 7
3768 37
2430 16
3679 16
894 55
3923 43
3628 12
2340 45
69 5
2129 57
1234 22
1633 31
577 50
4657 13
2108 56
4698 25
1907 3
4126 46
4301 45
3372 25
4241 7
1305 29
1929 36
1289 26
4601 32
2371 53
2328 4
4717 26
449 12
480 28
2240 27
4926 37
1044 40
3000 51
5168 19
5293 7
4080 6
4203 56
3835 7
4662 20
368 28
1764 28
3095 45
4416 34
4163 29
953 48
1338 54
638 8
2982 35
4930 11
3158 34
1199 16
2679 44
1515 38
4914 25
796 16
3533 20
3733 12
1599 32
1558 39
3217 44
2507 51
1984 14
251 51
539 54
2673 14
1261 14
3180 55
3206 12
3745 10
3781 48
3023 22
717 33
3950 47
2127 40
670 22
1052 45
5109 27
178 27
49 37
637 36
699 34
4938 39
3478 3
2988 21
5169 19
4890 48
1593 50
868 9
3128 49
1187 7
4157 19
237 41
1755 22
3779 17
3658 11
4748 51
2769 24
1722 46
2554 2
2662 53
4027 14
1743 20
2081 22
2271 19
1502 9
4944 37
4386 34
5178 5
1734 8
1385 37
3708 28
5248 35
1916 44
1080 53
2452 35
1621 52
827 42
946 57
562 41
3518 3
2939 15
3241 42
3152 35
1947 24
1855 26
2233 8
288 4
21 53
4888 30
2208 51
2694 29
3918 42
1759 19
2736 16
4340 5
338 20
1831 52
3113 48
1235 50
1046 25
4744 16
1849 5
2918 25
2944 49
4326 5
4324 41
3753 45
4105 27
630 33
3439 31
1758 39
2796 7
2623 44
3483 27
4585 24
4960 4
635 28
727 15
519 18
2829 52
1566 50
4729 3
1805 29
4456 23
2336 1
5316 31
1283 34
746 14
881 46
3265 12
3529 53
330 27
1026 46
4903 40
2692 40
5155 50
4135 42
2830 51
2853 38
311 18
3351 48
1345 11
4746 41
4068 4
1087 30
4891 10
1178 19
147 18
955 17
2408 51
3084 1
2905 2
5278 14
4879 49
3908 20
4956 34
4580 52
1544 55
424 51
328 56
2950 13
343 5
3451 54
201 56
4384 37
811 17
2795 32
2309 54
2798 18
3858 50
341 2
3782 45
326 19
3034 15
2851 17
5023 7
1703 51
5224 13
1163 57
4215 16
2456 53
2884 5
478 18
2221 13
2007 45
1817 51
392 9
1435 57
4382 36
648 31
125 8
2722 16
3160 11
4630 19
3260 30
2069 47
5300 50
28 6
847 52
2 41
3992 12
4376 17
3701 49
2259 34
3564 55
3551 57
3077 45
4513 51
1176 27
5150 1
1914 6
1763 3
2825 18
5085 46
2689 29
3596 31
2967 24
3464 38
1366 11
5302 51
238 14
4169 55
4043 42
2887 8
3028 42
4904 7
1417 7
2132 50
1553 51
2737 28
3235 56
1528 7
3473 57
2367 29
3546 22
4854 54
608 7
4349 54
3513 14
4681 56
3437 37
2587 26
4924 37
1158 35
904 54
3429 6
3527 36
2946 28
1404 15
5140 12
2980 1
4707 16
4290 47
877 7
3565 37
1839 6
1079 6
3740 13
2082 40
3714 41
2226 47
3430 27
2487 21
4699 21
4476 54
4448 36
3821 42
1319 18
3675 15
2874 1
2176 36
3320 34
2868 6
4561 14
4252 48
358 3
2941 12
210 56
4175 31
3995 57
4318 11
3891 4
1181 26
2216 28
4725 43
3134 55
825 57
4651 45
3281 15
1517 38
3044 5
3420 17
2590 9
2123 16
110 30
5101 38
3242 10
1102 24
2275 27
2044 40
4628 10
1088 47
489 56
4176 43
4986 41
2137 55
5299 54
3952 11
1254 2
3692 54
2839 54
957 49
812 48
730 54
4037 47
1786 17
581 6
1267 48
3191 52
1667 41
1623 55
3791 39
2326 15
4494 16
309 20
399 22
843 6
3214 40
1136 29
3222 14
278 13
3150 37
4072 31
4873 51
1641 30
1117 13
3135 46
2603 29
3115 50
319 46
2103 44
1534 49
1155 21
5072 7
435 51
4238 41
4417 28
5011 36
3173 11
3054 37
2904 6
767 11
1173 18
1867 51
386 4
3567 33
1374 9
1603 49
3046 43
964 14
367 2
3319 22
4098 8
4196 41
2510 11
1829 52
4154 21
4645 26
4663 5
3137 25
3030 1
4036 24
4689 7
1281 29
2761 42
2726 45
1539 17
3693 38
4624 1
664 54
3104 42
2090 42
3331 11
4145 28
3669 2
554 42
214 21
4024 8
408 57
3221 28
76 41
2740 55
4779 19
2936 28
2867 34
2143 55
3997 6
4550 24
4240 8
4261 19
4798 16
3770 8
3310 54
396 20
454 11
4007 43
3426 1
4665 34
2733 10
450 53
3850 49
1013 35
1264 13
3638 37
2523 22
2183 48
1120 27
4869 55
3388 48
4400 29
5008 48
1175 8
595 14
4839 24
1874 47
2429 2
4254 32
4342 28
2928 44
4576 15
2683 33
1318 39
4088 2
1771 11
975 50
1592 32
4860 48
376 22
2900 27
576 54
2763 29
4595 3
3645 15
1495 34
290 40
3589 46
2785 56
138 42
649 54
4589 17
3324 51
3215 25
3590 48
494 9
5235 35
1293 54
1201 13
88 16
103 48
3524 42
1129 1
4868 39
5234 14
2880 1
1360 42
1419 40
1672 52
1670 14
3057 36
4822 5
4481 14
2828 25
5193 29
654 56
1562 42
3836 34
4285 15
4111 38
3525 48
4876 18
1533 42
4049 39
4880 40
5249 17
4267 12
3484 30
3707 11
3082 5
2305 48
3308 13
1915 44
1148 37
58 31
412 33
2992 16
1244 28
2802 30
655 22
2276 38
4365 1
3384 21
194 12
905 27
384 24
1757 2
2204 25
1203 46
2293 56
4357 1
4380 24
1361 10
415 21
2704 39
1949 25
2054 20
417 16
1438 31
548 24
2696 30
3921 37
45 41
1005 1
3954 29
5271 50
1824 42
1858 14
1111 7
587 57
2529 13
1233 56
528 39
219 7
3390 35
3579 4
1152 48
3916 4
3720 9
3861 43
4900 28
3025 28
1844 54
4164 7
704 2
5030 7
2530 28
722 35
2109 14
4670 14
2118 51
3860 9
3467 2
4548 28
3713 8
5039 54
2471 49
5218 32
1748 21
4143 35
4790 9
3576 33
4602 24
3812 52
3829 17
3729 40
2296 38
3804 49
4067 6
3350 26
3264 9
322 21
4311 12
2820 7
3126 38
2417 8
2003 16
2661 31
849 1
1685 36
3928 37
177 22
5019 9
3339 20
4335 56
4418 40
3941 24
4061 51
2470 51
5239 11
3353 50
172 7
1325 49
2922 26
3433 42
545 2
658 30
3248 49
4436 35
3796 54
4446 40
3773 24
3069 41
4858 33
4097 14
4623 46
4355 49
5157 22
1456 1
3246 29
3431 38
3700 53
1762 34
4772 57
2478 17
5265 6
3644 23
3570 51
2392 16
547 51
4274 27
4293 46
422 2
2008 41
828 41
2122 23
3515 12
1841 14
3165 8
4308 38
2446 22
2877 43
620 39
1866 31
3336 56
3369 31
1094 3
2179 49
4835 29
2263 32
3816 5
5089 23
5083 49
4672 7
4844 16
2631 47
2449 31
940 47
1271 25
612 55
3326 55
2818 48
3049 37
1940 18
1469 26
4703 34
837 12
861 32
4522 17
3412 37
1356 46
789 51
3640 18
890 35
1231 4
578 35
3528 14
1217 30
565 24
2486 44
1926 51
2607 14
1396 20
264 18
1218 36
4825 45
4612 16
1420 56
3018 8
960 29
3735 31
1578 48
3286 25
3851 16
3489 10
4923 45
2675 27
3683 35
543 40
1767 27
4444 26
2852 51
2126 25
2991 43
464 42
775 19
3263 4
1690 11
1976 35
246 35
859 22
748 34
441 23
2533 7
4872 29
5273 16
1427 21
4250 17
5250 40
1364 35
1838 13
4339 41
1779 11
5017 20
4462 50
226 47
4970 9
4363 9
2225 55
4721 54
937 40
1286 11
1035 23
1416 54
2307 26
5317 13
3702 9
4778 51
4482 31
1159 6
4524 6
2531 37
627 28
1959 39
3168 51
2481 22
195 42
2066 22
534 19
2801 39
2399 54
4464 10
1000 21
2445 12
3122 53
5 1
1353 38
3899 46
4712 34
4233 12
2978 35
2459 57
3807 20
3651 50
2034 15
2912 54
2903 48
1197 50
205 56
1041 7
538 33
66 25
2644 47
5124 35
2665 6
4298 43
3879 36
5134 9
4395 29
1257 8
5187 23
4383 35
5100 43
3016 11
2996 11
1896 32
3876 6
3499 38
4201 16
3818 47
3978 15
3203 23
3957 14
4208 6
3615 53
2095 55
130 39
4320 27
427 34
1820 35
2788 29
4655 48
5095 15
1018 50
5298 6
5171 17
466 35
1185 45
366 20
4677 32
2352 6
1526 26
4012 53
5253 5
3743 23
3166 55
4928 12
4028 46
324 40
55 43
2869 20
3790 24
596 48
1628 5
4475 26
928 35
2926 32
3492 8
1857 19
2037 26
4653 36
2173 2
1405 1
3963 57
5251 51
3131 10
3668 57
1362 21
4834 33
663 54
3762 7
3247 43
1287 1
725 26
3232 56
4785 11
700 32
39 47
3505 36
1172 57
3730 45
423 35
4101 16
473 24
3102 10
4828 22
2965 42
1258 7
5285 27
4937 27
5160 45
1351 10
2582 3
2161 24
2979 48
4552 5
1598 51
3270 56
862 26
3561 15
1777 16
1365 41
2181 1
2862 25
1481 13
4217 4
1090 57
1988 3
2917 18
2876 34
197 50
4019 57
2971 8
152 36
4114 46
3401 17
5090 2
3531 12
3251 7
4536 23
944 46
3721 5
5284 22
4259 5
1704 11
4093 22
3603 51
4786 13
3550 6
550 26
316 38
4420 16
2279 48
460 56
2826 14
4840 3
3548 57
2752 10
4838 44
2046 51
3938 19
3172 8
3413 48
5318 11
3024 31
3313 14
5272 13
2743 14
3631 6
4356 1
3688 42
5132 46
3427 37
2323 28
694 31
5148 25
3200 53
4372 54
2933 5
1294 52
3307 47
4988 54
2960 4
2894 48
4741 30
2017 37
2365 43
1689 14
795 24
2015 30
5315 26
5227 24
1860 12
745 25
2667 10
804 2
3544 46
3231 46
225 9
2543 18
5257 57
4119 38
1669 26
3299 48
1031 47
537 4
3453 39
1833 30
404 8
1594 46
979 25
2664 21
1920 16
697 26
3895 23
372 9
4074 18
4775 25
1039 39
672 43
2591 29
2858 47
3396 45
2182 25
4724 20
490 24
4498 57
4399 31
3881 55
5012 52
1437 31
3998 27
4020 4
1174 3
2821 3
3461 53
842 14
5077 7
5099 47
889 8
3695 57
2172 20
2395 28
4692 44
126 1
5236 44
136 44
1415 10
606 15
4723 18
3379 1
1615 44
2558 38
5197 46
1151 54
132 9
4258 14
3610 55
2145 43
615 11
507 16
2068 37
1253 26
1607 41
4683 11
2195 29
3224 45
1577 42
4547 51
3534 15
4106 53
4490 51
3520 12
4501 38
5131 11
1503 38
3910 26
4691 36
2419 16
276 37
4398 40
4754 41
3588 38
2135 29
3824 29
915 1
3771 38
1310 2
3801 26
3259 11
618 52
2609 11
2854 1
4142 13
3402 7
1683 29
2551 26
4397 4
2813 2
1242 7
5086 37
1389 24
613 55
271 31
4764 17
1483 46
4468 46
3288 9
457 29
4205 57
1222 28
1378 49
5183 28
1626 34
4096 13
2189 41
4262 3
1073 1
3282 32
2725 10
3148 8
4621 51
4023 49
2953 22
4911 49
4862 16
4885 33
3485 10
2334 26
3746 21
4669 27
2702 14
4360 34
1580 46
5067 25
1638 40
2508 9
1941 4
2473 33
965 17
5146 10
3865 11
1194 22
4949 45
2347 14
3794 54
1137 46
2166 25
3051 29
3581 50
434 47
4421 36
192 21
3595 36
5327 42
660 56
5192 40
1350 26
968 33
2099 7
22 57
4961 30
3999 34
966 2
2714 45
1311 43
2027 20
2656 5
2277 36
3530 43
4368 16
963 21
651 20
602 12
1612 25
2228 24
512 52
4782 28
156 11
1367 21
901 15
3228 34
3114 49
3132 17
4516 34
1348 34
4460 15
631 33
2691 46
3186 56
2120 36
2490 39
1836 49
5144 37
1252 56
5301 54
3406 32
908 20
3848 37
1644 31
1999 18
4793 31
1391 10
4618 5
3718 13
4229 28
4249 27
2547 20
4209 9
3532 38
2218 8
143 53
5230 11
1142 27
3723 6
2564 28
325 33
4990 14
3594 37
3315 6
2630 51
1561 4
5295 25
339 50
41 46
5308 6
1476 11
2074 8
2016 47
4679 48
3289 21
1049 42
4562 23
4413 6
439 4
1622 3
3274 56
879 35
1001 55
2341 19
5032 16
3844 38
4897 9
688 30
2045 53
2601 36
4303 2
3490 37
129 56
2294 2
2331 10
766 56
2949 57
3925 34
1127 54
1825 47
5226 50
4220 31
1317 24
3705 42
2298 45
3637 10
3976 54
4353 44
865 39
4797 35
2097 30
4582 34
1655 10
4409 5
3810 11
29 56
3811 18
2242 15
1410 12
3901 14
1932 51
3684 38
1583 40
4302 43
4814 39
3303 49
736 49
3905 9
4370 51
5244 47
1531 6
2793 41
208 25
1931 45
3153 29
3144 43
2580 3
3142 52
3822 46
5087 35
3194 3
751 54
2266 12
3996 28
716 8
2423 45
305 38
2151 34
2165 14
4412 4
5237 31
2029 48
781 51
731 14
2290 20
3944 31
4219 42
3663 18
772 46
1801 3
4194 12
1848 40
2052 45
1879 53
1619 16
1747 15
521 47
3184 34
2322 15
1799 20
1113 57
1732 21
2957 20
3482 29
3863 51
2065 11
4133 16
4469 15
4929 50
3606 42
4957 2
2351 35
4030 6
2398 55
2942 46
2775 46
3607 53
2217 45
4675 7
1232 27
4592 56
3627 33
4001 45
5154 25
2295 43
1656 29
2614 54
5159 39
1494 57
1809 50
1923 35
1616 57
3009 38
3269 57
1787 28
2956 37
1590 23
619 5
3125 53
3017 44
1021 44
5130 1
3549 42
1917 44
3208 41
871 33
882 25
2678 27
4722 11
336 31
270 24
799 26
2901 30
46 9
1642 35
2516 33
668 28
4369 20
1568 18
3311 5
1022 14
234 56
3161 24
4121 43
2608 46
2708 11
2995 6
3004 3
4581 19
2318 35
3130 33
173 26
1213 29
3268 33
1489 15
2624 24
710 3
275 50
447 12
5059 51
4820 23
4131 41
1432 8
4575 20
446 46
1177 4
3322 7
3456 32
146 57
2712 12
5041 55
3838 33
4826 11
2072 50
2913 8
475 39
3277 44
2104 38
829 8
1828 32
4695 49
5050 13
2356 27
5097 9
2373 2
2421 7
4401 9
379 19
3827 3
681 23
1554 46
4875 27
3593 29
2698 10
448 2
532 20
4804 9
4874 42
2747 37
621 6
4251 56
1576 39
4129 25
4013 4
1354 6
2018 1
3670 52
5057 6
1693 22
4040 9
864 18
3604 22
2579 12
4109 8
5123 13
3495 9
1454 39
1327 30
2306 1
5078 13
3436 55
3677 12
1711 12
1424 49
4802 12
4686 23
1485 49
3312 35
4794 53
523 35
4920 44
5220 19
4846 34
5201 30
5268 22
5270 56
3792 16
2451 50
3036 15
4982 57
304 52
3304 47
395 15
4597 14
2524 7
4850 48
1870 27
1230 52
3539 40
4777 1
5010 25
4660 41
3676 29
3045 47
2732 35
4316 48
4821 9
1713 36
715 55
5044 50
3648 35
3893 32
673 33
3537 11
1093 34
1793 29
3167 7
5056 29
2438 16
2686 49
1480 30
207 56
1238 18
3038 51
991 19
2716 22
3086 12
676 25
2861 18
1308 37
5324 54
1982 23
1818 15
2404 32
3006 7
5179 35
3814 24
2079 5
4637 6
3365 2
3934 44
3912 12
3979 2
2502 26
4889 50
520 19
2674 42
4667 20
2566 25
141 3
1118 51
3889 50
2128 36
4341 33
320 8
2377 50
4221 45
1125 42
3659 6
719 17
4005 53
1729 4
2786 16
5103 14
3399 47
4425 38
2024 45
912 41
257 11
2243 41
4102 36
3481 22
5133 32
426 13
1640 36
5158 13
4829 31
222 6
1894 1
3864 19
3341 7
2112 18
943 22
4654 41
759 33
4323 50
5181 41
2883 18
692 32
5205 40
3749 27
656 42
2443 17
4321 5
1226 43
4959 26
4899 7
431 27
4896 11
1808 28
1053 41
524 19
948 31
198 42
3493 28
1575 13
1168 40
1781 29
886 4
601 4
1696 29
3201 55
4008 7
2797 27
244 4
3245 28
2379 26
1605 9
2759 20
2209 21
3329 49
2845 49
4313 41
4539 9
4955 33
4315 44
2598 48
4927 18
1963 7
268 10
2889 27
1728 23
1347 7
2822 20
1162 38
32 52
4570 16
880 38
4236 19
2400 2
4264 6
4059 15
2856 8
2545 16
3697 50
3667 15
2509 52
4478 23
1103 8
1303 6
5093 20
1260 18
1719 30
790 46
4153 57
425 57
3164 17
685 12
5110 32
57 46
5202 37
3754 3
2023 36
3070 12
3471 4
4273 36
3956 23
2706 25
4084 17
1595 41
3543 9
1649 23
2280 15
4641 45
3826 19
37 35
819 25
4248 57
3936 8
1393 29
2028 25
1458 31
2239 20
4000 27
2355 53
4674 50
1373 36
2892 55
3105 33
3709 35
4568 3
641 24
2767 6
1189 11
5275 22
3216 23
814 14
2020 18
476 26
3591 51
4877 25
12 5
3318 31
1275 1
206 31
591 57
2245 15
1892 35
4603 45
5221 45
2111 56
3226 5
3942 28
4706 7
2057 22
3760 7
3758 22
884 48
121 34
5055 40
1263 44
3075 30
4943 47
2321 54
163 1
2489 8
4750 55
184 6
3415 51
77 28
1750 7
949 19
411 28
3825 57
783 33
3133 11
369 43
3612 19
4616 31
3886 57
2462 2
3562 43
1666 43
1008 57
4584 35
4593 18
2047 9
3930 28
4127 44
2649 30
3752 44
1143 19
4968 47
98 48
1188 13
3279 6
2055 38
4455 35
810 21
2932 22
1646 48
117 22
1298 55
4334 44
5176 13
2250 2
2613 18
4847 55
4184 32
1973 5
4615 53
1991 42
4540 30
1149 28
4378 19
2857 30
4664 36
1451 22
1876 7
2006 19
1902 38
119 44
2500 5
4557 57
2086 9
3063 30
4304 43
1604 10
2871 8
1663 51
4808 27
170 54
3852 27
2360 49
4650 33
2498 20
2720 20
3476 53
3993 28
1249 1
4222 24
2800 35
1523 8
3964 32
4346 51
2192 9
3630 7
4099 38
677 19
142 12
5035 41
314 26
5231 36
467 33
3190 10
4963 27
723 1
2292 23
4690 51
2627 38
3198 31
2199 46
2422 24
3929 21
1225 6
401 32
1304 8
1510 45
2586 42
1850 20
2410 4
2699 9
4166 56
2663 19
2951 7
4218 19
5004 18
14 21
2938 52
469 39
1954 41
3769 10
4941 48
148 15
3258 23
2076 18
1054 33
2320 35
2538 46
1224 52
1071 27
4432 50
2972 12
792 4
5264 52
3784 23
5136 17
3874 38
436 15
5082 28
5223 1
479 25
4352 4
4543 40
2573 45
1893 29
3066 42
2405 32
3504 43
5076 31
4435 5
495 13
1819 51
1011 39
4312 53
801 41
3819 20
4852 21
3687 1
2147 37
1472 44
463 10
2749 12
5164 4
4256 8
34 1
3602 14
4396 47
1754 11
5258 51
2372 10
3239 18
1687 2
705 57
2330 56
4017 14
3623 5
1788 12
1128 49
570 51
4083 2
1945 45
2985 47
67 38
4837 30
3691 17
952 21
174 24
3841 15
4573 1
2050 11
3001 31
3573 46
939 37
1698 48
185 23
982 50
444 8
4954 48
2201 54
1270 5
3220 4
2437 44
1664 52
1066 41
3445 49
1961 25
1823 16
2084 8
2358 1
2902 29
4755 33
3119 12
1742 49
932 18
1352 48
5290 32
2503 42
2707 49
4471 41
59 27
1106 10
4190 25
2063 25
250 29
2528 34
4947 28
665 37
2635 10
4525 53
2071 44
3199 18
1105 12
3143 22
416 5
3029 31
4211 41
3755 12
3230 27
4881 6
4909 56
639 25
4149 34
4379 57
3789 47
2388 44
4091 57
1237 5
4070 55
3780 34
785 10
3395 54
4907 54
872 37
1114 37
1542 51
763 57
4278 11
3003 21
2819 43
481 2
1516 14
3327 51
3213 52
4263 8
1382 5
2817 30
3869 44
895 56
3156 20
4946 9
3839 57
2115 8
1688 36
4606 4
1872 19
1471 39
4050 33
5199 42
99 29
4714 39
2136 29
3407 44
3419 3
3712 36
3553 5
4831 31
1400 38
2036 47
1581 44
4687 22
385 23
2549 39
1962 15
3410 22
732 45
1349 20
2584 31
3987 34
3577 17
917 23
2329 50
3582 18
4773 51
566 15
4294 49
2571 47
3654 33
4807 44
687 36
1379 1
899 55
4277 53
4922 3
4504 38
191 28
3497 40
1 49
4192 47
729 15
3699 3
2345 49
4856 5
1160 13
1315 42
4977 36
4598 1
735 24
1736 14
1529 19
5031 44
4170 23
3389 15
2929 15
897 43
344 23
5122 38
4749 28
2964 2
3257 27
1198 9
5033 31
20 22
5255 37
1551 56
3301 22
4151 41
4713 57
2724 56
3682 1
440 1
1899 32
2196 11
2315 19
5287 31
4849 13
575 48
898 27
4104 50
4132 33
4627 14
2162 44
3842 12
4362 36
1726 50
2636 10
1600 14
1333 33
2064 28
4579 28
3068 47
171 56
2022 52
4919 7
3354 12
3725 38
4172 37
4851 8
535 25
3337 10
911 29
2444 17
62 9
5232 47
2685 47
188 49
4625 40
857 43
5001 1
1679 39
3240 40
2640 27
1804 5
3202 17
4015 22
574 25
4599 40
2594 8
749 8
5117 19
3403 39
1506 37
1968 12
4578 6
2973 55
287 45
922 26
474 51
721 13
3724 4
5051 18
2544 20
3026 36
1463 22
661 8
4728 18
2756 4
2827 6
1100 15
3831 1
333 7
1648 34
3859 6
106 2
4 12
1761 14
4387 25
1911 43
2011 21
4333 42
4824 47
1541 22
2539 18
1571 16
553 7
2092 32
4237 57
4009 51
1209 24
3405 15
1532 9
4572 32
33 49
4887 30
3041 20
3904 42
4726 33
3116 22
2160 47
220 30
2616 13
2719 17
642 38
3076 36
2652 47
104 57
756 32
906 25
541 28
3896 31
737 20
1355 26
1016 18
5194 44
3655 11
2455 20
4423 38
3472 36
1330 7
855 14
2119 19
1334 57
4467 55
167 52
1865 53
4816 1
1284 30
5073 16
4408 7
2695 41
4591 15
4523 1
1150 14
2572 29
2230 5
3188 10
4736 40
500 50
997 40
1447 42
2125 30
3296 7
977 43
259 12
1964 3
296 44
1948 56
506 17
2986 36
1256 9
5175 25
992 51
5322 15
3985 22
335 44
2671 11
1952 26
455 37
3540 16
5080 46
3459 5
2713 7
4246 46
3291 18
3334 27
4855 13
2483 8
4916 57
2474 23
1497 33
361 22
3417 52
218 50
778 46
3560 18
5319 21
5162 33
2087 45
4853 49
1579 2
323 24
253 31
931 52
1440 28
3163 11
3197 11
3092 8
3727 40
4244 23
4361 3
4331 30
2514 21
407 37
2619 46
1042 29
3050 49
1978 25
1418 34
2684 34
1903 36
3392 24
971 22
2060 32
4162 2
1882 16
572 38
2139 3
3639 33
4138 36
2789 3
2231 12
2391 54
437 13
1975 56
2742 36
4994 55
5079 42
2141 45
2164 44
1331 54
2131 9
187 47
1313 16
4065 37
4260 12
4673 42
4390 34
3563 28
2945 48
4309 34
830 4
1442 53
3984 17
2750 31
2648 3
2709 41
994 14
3448 38
3293 30
1089 40
3664 57
1157 26
5151 24
247 19
3053 9
403 55
3005 9
4407 25
4271 40
3088 15
5063 52
4227 2
622 15
3840 29
1371 25
327 4
1774 27
3346 30
1204 6
4343 31
942 29
3909 3
2113 41
1147 25
4542 50
2629 5
5296 42
1652 41
3022 19
2910 46
1563 37
285 27
1883 16
2773 51
1266 3
3649 29
2450 40
5062 50
2436 20
3635 46
652 14
2491 55
491 36
5256 44
1918 44
102 27
5070 2
2316 43
1202 41
1387 53
3977 5
2142 12
3285 34
1388 50
2215 56
2415 26
5027 7
137 7
3759 27
2100 35
2232 15
1785 45
4574 19
632 5
3179 39
3460 29
1431 43
3514 43
1718 51
549 11
2186 50
4770 49
3449 47
770 46
1821 24
2339 33
883 57
3600 34
4527 3
2841 30
135 23
4740 41
1180 29
773 19
105 10
254 24
4295 49
54 15
4385 32
1810 46
4966 49
2460 47
1602 2
527 57
3335 49
592 7
3195 16
808 44
4800 38
1262 21
1993 18
1530 53
1335 9
4567 40
2927 17
1434 40
428 36
1332 47
2313 56
2628 3
3947 14
3469 15
571 4
3737 41
235 19
1078 8
584 53
758 57
1015 31
2021 42
888 50
154 6
3875 21
72 16
3393 40
1653 33
4071 24
787 49
1324 14
212 38
3078 15
4553 56
4636 23
902 7
1589 30
1206 14
4317 8
3974 48
4537 57
169 22
5305 48
2777 19
2427 2
2534 54
4281 57
3734 6
568 51
2958 31
1397 34
1741 23
4486 4
4042 45
4529 16
3387 37
4517 40
809 11
4819 12
3643 2
5172 19
272 8
4452 27
2282 18
4727 27
1983 4
3966 16
1811 26
2966 40
313 55
2577 41
2133 9
2998 11
3370 41
1300 44
2364 40
2878 50
11 48
4155 12
5207 15
4136 32
831 47
2561 25
2317 48
221 40
2039 13
2645 46
23 21
2393 50
5053 44
3832 39
679 4
438 39
134 16
4720 54
1409 8
4422 26
5321 23
1339 45
1384 33
40 10
1186 37
1546 55
4817 17
2311 22
1467 42
4845 51
1657 48
277 38
4103 52
2515 8
3547 4
2959 48
1733 49
217 15
4538 42
3748 22
80 9
1067 30
3763 15
2859 29
2915 4
380 35
753 15
4554 34
1776 41
4604 18
1306 50
1661 11
1827 1
2026 9
1852 23
536 31
83 7
5141 48
2168 54
373 43
2432 39
3614 32
4107 44
393 44
5043 50
874 31
3498 3
643 13
5247 47
4181 44
1812 3
3681 36
13 39
4945 46
887 43
4338 56
755 14
3020 29
2987 52
525 22
598 39
145 12
1573 17
765 46
1205 50
522 42
4139 4
5005 51
845 21
2814 8
310 29
181 12
4565 28
4626 24
5138 28
983 55
1056 37
1301 10
5228 48
2177 37
5047 22
4198 55
3757 19
2374 28
4232 39
4942 24
4760 52
242 12
2188 19
4393 26
974 2
1845 37
3400 52
4564 40
3385 37
2625 11
1707 21
2439 1
4078 11
5038 46
1705 23
2762 20
4044 33
3503 56
628 42
24 26
1875 9
3062 39
1738 3
3271 22
5213 21
2835 43
6 42
329 51
3100 17
5314 3
2260 4
301 17
3536 42
1934 6
1372 17
2962 51
3873 8
1003 8
2975 33
1074 38
4512 46
3636 53
100 14
3739 34
371 19
273 13
357 6
2803 9
496 26
824 8
2433 57
1501 39
1380 31
1033 43
1240 40
1798 2
1478 29
803 11
3924 47
3750 37
3922 47
1756 9
1797 8
1861 7
1613 43
1540 3
4541 35
3572 29
2038 53
4239 1
370 34
3715 26
757 10
761 22
4774 6
2620 42
557 4
488 49
1556 47
2776 18
3094 39
5206 38
2578 19
2158 54
1992 24
282 28
2810 36
607 24
2167 15
294 52
2838 12
4165 14
190 11
204 57
2781 6
4781 7
4738 38
1791 54
1816 52
267 30
1614 18
3656 2
3117 47
4688 5
1840 17
797 44
2898 21
108 45
3219 48
4799 54
2556 53
4497 8
4242 36
3225 25
63 9
5281 44
3015 33
4530 16
2832 47
4213 56
3542 24
345 16
2610 18
8 5
2302 51
497 11
115 22
3986 53
2386 30
850 51
3267 46
4095 55
4122 9
5052 38
990 17
740 49
4635 41
2734 41
2185 9
1394 45
1184 1
3093 36
1682 27
3155 32
3541 43
3813 7
4332 37
1278 37
3443 20
848 34
594 5
690 36
293 5
1166 27
599 5
3261 53
927 53
1398 10
240 3
4978 38
1459 1
2831 7
4789 4
3058 28
90 24
4642 11
2909 18
5013 47
1466 42
1715 54
3806 50
3381 31
501 12
3988 46
1336 8
4594 47
4830 49
3330 25
2492 28
1597 34
3575 39
4474 12
292 2
1714 8
1146 40
2746 20
1065 6
913 45
347 15
499 48
4882 2
3960 28
2779 18
2780 28
3211 4
702 16
1107 7
1886 53
784 8
1130 28
1358 28
4739 41
1950 43
2138 25
3328 46
5152 38
1068 20
486 34
2303 55
1569 26
1971 48
1051 56
1070 6
4159 7
3521 55
5276 48
3897 12
4003 28
4345 43
3626 37
4137 9
227 17
4555 47
1586 8
951 37
1727 39
1601 11
4605 3
1086 30
1766 7
3935 35
4185 51
3391 1
2096 57
4894 57
248 41
4038 48
334 24
4195 34
2592 10
3360 39
2461 47
158 15
1863 28
4402 50
3037 23
5246 25
1943 49
2301 51
4811 41
4771 41
5075 49
633 14
4997 33
1036 18
4752 8
1062 16
4207 50
4556 4
3967 5
1716 17
382 38
3878 29
962 15
985 48
3601 40
3297 46
2599 10
2370 25
3055 40
2589 54
3127 17
1312 2
2907 50
1668 42
3892 28
203 29
109 48
3146 18
3129 56
3344 5
4470 24
2042 37
718 46
2000 1
3136 56
2622 27
492 4
4629 15
984 38
2061 27
502 14
1337 12
3605 24
4995 18
3465 32
1998 42
4613 52
4225 49
2755 37
3414 16
4092 16
3446 50
1248 47
2343 42
4678 41
986 53
3939 27
3262 48
2477 4
846 32
1430 8
1429 1
3586 57
4506 31
4426 22
2467 39
5071 18
4751 50
1881 52
956 14
5118 44
504 34
2107 44
1784 43
3096 21
3438 25
113 27
603 18
410 57
2739 7
1381 22
4161 41
4979 53
1557 3
2117 44
2885 40
667 20
3056 31
3580 46
706 24
4144 46
2954 47
4915 53
1037 15
3830 7
4622 32
1219 47
2475 45
5161 37
1843 29
3356 50
1329 19
836 17
5245 23
418 15
4569 29
2058 20
2881 55
4518 49
3378 5
1901 30
2495 57
1449 5
858 33
4300 44
3227 3
1101 47
3342 2
2519 14
682 3
2682 18
4366 19
1191 30
1423 20
4813 32
1228 20
1340 12
1624 24
200 36
4864 17
1341 44
806 19
1717 48
907 17
4908 4
2434 20
1061 5
2721 20
3884 21
1488 49
3043 21
2088 28
3569 6
1610 12
2799 29
4747 18
3466 28
2338 17
5208 25
4496 4
30 22
4062 4
1274 29
213 38
3276 44
2390 28
5106 22
3900 54
4905 21
5143 53
209 2
768 19
3660 44
3283 34
2227 33
1609 51
3008 12
2882 41
4116 19
4389 13
1650 4
3111 30
2219 43
1505 8
3237 31
1856 53
2411 14
2790 47
1665 51
3751 30
3867 45
1395 5
2634 50
3103 6
3284 9
2522 50
2794 28
2463 4
3266 7
3962 39
4411 22
5242 29
2448 9
4521 19
1880 53
2255 47
2811 52
4082 41
274 30
2030 48
3108 39
1473 27
4682 6
2254 24
4325 18
4283 12
3106 24
1084 57
4438 39
5174 6
1889 15
1092 8
3903 45
2369 43
2253 38
2770 25
3913 50
762 19
5163 33
1851 22
4487 38
153 38
4931 1
2717 45
2639 4
650 17
4234 38
1936 31
1933 10
5129 48
2418 26
2258 47
1695 6
4668 25
2606 23
4534 47
1721 14
202 15
3846 45
3254 11
779 43
3777 2
544 46
1210 15
3110 8
346 8
3418 32
1208 55
4745 44
2807 25
4453 39
4348 5
701 44
2925 21
3089 28
2921 27
4611 43
3809 19
5303 5
5045 18
2728 6
582 38
3300 36
636 53
1951 39
961 57
2465 41
421 35
3394 22
2482 54
1496 12
289 3
4394 34
4465 18
993 57
1835 41
1422 8
3765 39
2866 40
1482 51
3292 18
3359 7
3980 50
936 48
4485 29
1921 29
2833 34
3726 41
1890 22
3795 16
838 7
3462 38
1960 35
3931 11
1846 17
4450 31
51 22
377 51
3552 12
2537 16
48 52
4403 13
3416 16
4004 29
1519 35
4976 6
1446 31
2521 54
5280 23
2569 16
1475 52
1681 39
2641 52
1582 21
4276 34
2114 4
2152 17
1075 9
1268 9
617 20
3704 9
1207 43
3238 50
5254 39
1009 28
3157 29
78 56
1543 18
5291 33
1826 6
1570 55
3189 53
2106 20
2969 24
5061 3
3368 26
35 57
2897 49
1735 56
4430 3
4022 41
5260 23
1700 20
5139 2
4975 42
876 15
3955 46
2085 16
925 2
2791 53
2270 57
5147 23
2335 10
680 35
2144 40
3091 12
1499 57
348 51
3011 40
4559 48
2824 36
686 44
3823 8
1792 5
2687 1
4796 49
2997 13
3138 48
4934 28
1453 27
2105 29
3797 14
1745 45
518 28
1634 24
817 25
1057 28
3278 52
988 30
1617 7
2359 24
112 16
91 24
1470 40
3154 10
123 28
1775 55
2875 54
5311 37
4457 25
3898 28
451 44
3162 1
2787 27
4701 56
5102 24
5058 48
1019 36
3079 48
5096 24
909 53
5252 42
196 48
5021 40
5217 30
1099 50
2948 45
833 19
406 45
3177 1
644 25
3432 47
3647 49
4377 18
3650 33
657 51
3732 53
2180 37
1425 19
3632 57
711 19
3250 57
4883 25
1058 49
442 13
4053 19
2680 45
3554 7
5238 27
1269 35
4011 48
255 48
1273 38
25 18
5328 15
4710 23
300 54
1924 51
1250 12
4199 7
2700 31
2412 38
2666 53
1484 14
3475 16
1807 17
2130 8
1048 7
1692 23
1279 11
2053 56
3870 50
4708 35
2520 3
2583 29
2808 1
1888 5
4661 35
2153 44
1436 22
873 25
4558 43
4108 32
4757 9
3629 5
4588 21
634 5
2194 12
508 13
3348 25
95 19
349 51
3788 17
5069 10
52 30
1928 24
2621 2
2101 9
916 6
1720 33
1193 27
724 22
4925 29
3340 32
2031 21
1040 10
3574 35
1028 38
4439 20
973 37
3275 34
2261 5
2934 55
750 37
97 9
4607 16
4228 38
374 24
938 52
107 32
3719 51
3183 17
4715 23
182 2
1145 17
1927 19
4767 42
3273 9
5020 25
1377 6
3205 3
3678 15
1538 14
2442 14
176 41
2981 30
1772 22
461 29
4410 19
87 27
2075 5
629 26
3243 40
1064 27
726 12
788 26
1412 11
4596 22
487 1
470 18
3383 14
4671 20
623 40
3380 20
61 18
3990 40
1060 35
4805 37
1895 36
555 23
1295 38
503 57
4505 43
1725 36
2214 2
4742 56
580 23
2895 45
2472 19
383 16
1363 49
1868 15
1223 6
2899 11
885 5
3766 57
604 15
2210 35
1229 37
3666 3
3799 25
2595 57
1121 36
4983 40
4870 13
1853 7
4586 19
4535 17
1119 13
4141 32
4336 34
5307 53
4680 36
65 44
387 2
1790 46
4620 37
1712 33
4381 28
4932 33
1017 4
3090 10
3434 1
2947 15
1520 41
354 47
780 47
4659 33
2575 14
3981 42
73 13
2888 49
4344 18
2527 12
2637 55
5125 4
5111 4
3457 44
5282 37
2383 24
4560 17
4711 37
2994 18
4857 2
1386 44
1802 26
96 24
2855 28
4893 7
484 41
976 31
3731 18
4788 12
2990 1
2175 7
708 12
4709 27
74 15
675 37
3674 53
3837 48
4532 40
2019 45
2748 32
930 20
493 47
2124 23
4583 34
573 55
4696 52
3991 11
5262 56
4632 24
3696 40
1297 8
111 24
5026 30
1032 30
2171 9
3611 42
2968 54
5165 50
81 31
2908 7
4266 10
2840 53
3252 20
1521 38
826 8
1243 21
4718 10
2843 21
1357 13
744 21
2741 45
429 30
2842 28
2872 31
4454 39
391 18
5259 16
3617 46
342 12
4188 14
360 13
728 46
3856 11
4848 49
5288 12
5195 22
280 8
867 12
4634 3
4702 45
5310 31
4034 30
1055 54
2025 43
4492 25
2187 57
3423 31
4619 21
2766 11
1680 47
414 13
1259 42
355 40
5054 13
279 50
5007 18
291 45
3793 40
1709 25
707 3
1083 14
2937 34
1979 36
315 23
3989 16
515 2
600 10
2248 45
2382 18
3255 44
4210 2
1806 5
1730 26
2397 38
2923 9
4128 17
5203 10
4921 55
4299 39
2237 25
1584 10
1842 4
839 41
1414 48
249 31
3295 3
2308 34
1392 17
1167 37
1524 24
3633 41
1192 1
4437 53
4255 17
569 28
4055 54
3917 37
1402 46
1444 3
1479 34
3907 41
4051 28
5304 12
43 25
698 8
1625 23
3975 20
166 26
1034 14
1236 24
4289 3
2893 30
2703 26
362 29
626 26
263 40
2597 54
4167 48
742 51
1104 27
5200 17
3949 40
2368 3
3185 49
3622 56
445 24
4373 55
3488 43
1285 30
3487 8
1004 56
1608 36
1837 28
2738 15
852 1
2041 30
144 17
2246 53
3302 57
3280 37
5211 5
2251 16
4046 19
1567 28
356 40
56 24
2269 38
4491 10
2668 39
556 45
4245 38
10 33
1919 47
2159 8
2349 35
2660 23
3223 3
2091 8
318 54
1323 28
2890 54
4447 18
4795 1
1375 9
1912 11
2268 57
3440 5
5084 32
5107 31
4935 36
2562 44
2070 13
2961 11
3014 1
896 39
2252 56
3192 6
1795 25
1081 12
3583 28
124 11
1468 46
1565 8
4733 19
1909 48
4125 56
4018 4
860 23
4052 49
4045 22
2963 48
4985 9
3002 1
1555 3
4060 42
5108 1
3060 1
4859 27
3027 26
2611 41
5128 18
1448 9
3397 12
2078 15
3973 4
4118 24
1182 35
5024 36
308 50
4094 54
2783 5
3783 44
3083 14
2190 2
363 4
5188 40
647 27
1486 48
967 2
3098 32
3204 22
485 15
2553 50
807 30
283 52
924 46
2376 34
2494 30
1803 42
1662 25
3597 27
921 50
5065 8
4646 22
4991 19
1944 3
2012 45
752 55
4441 9
3744 42
1877 1
5048 27
5233 15
1739 47
3212 40
3007 15
2604 29
4998 22
4327 27
786 41
5190 10
3080 15
1525 49
2466 22
1138 12
2353 54
1955 26
3969 23
139 12
3815 52
1922 55
5060 29
1913 37
2223 56
3621 9
4367 18
1958 22
2249 57
4472 47
1246 49
2809 22
3568 2
1512 25
4375 42
2241 37
390 13
1139 53
1989 5
375 25
4021 51
3834 49
4693 19
258 32
2730 39
3808 52
1450 44
3366 11
5306 52
2916 50
3509 3
1368 48
2501 10
4499 52
5098 9
5215 12
2468 24
3374 32
1550 20
4406 35
5120 23
2512 6
2267 45
892 6
1606 43
3653 3
2413 49
183 34
60 6
2710 10
1154 39
769 53
3698 20
1457 6
3847 54
3512 39
662 13
3694 47
1277 27
189 50
2976 7
683 30
4079 6
4730 38
4156 42
4791 57
1169 8
2416 54
2943 32
5312 24
2009 13
2150 50
26 15
5320 56
3508 53
2677 43
5105 56
1746 4
1493 22
3761 36
3035 34
92 7
671 28
4480 27
2288 8
3141 30
3118 43
4884 51
4443 35
5279 36
4388 15
2565 3
4658 38
2426 43
