7296 327
7251 160
1216 270
2865 4
3876 220
854 101
1521 98
539 163
6978 245
3323 168
6733 122
1537 249
95 170
2809 246
6261 306
1693 210
1920 44
6845 216
6799 22
3763 100
4968 206
4165 8
4361 183
466 128
2951 113
5975 180
4051 152
1292 93
498 191
2657 250
3227 187
5433 70
1145 303
4276 186
6805 115
7074 71
5952 124
2148 243
2099 151
1855 242
2671 31
2322 203
6806 129
2480 257
3429 70
3693 9
3865 206
287 101
1898 289
5152 21
368 233
1408 246
2665 285
6192 217
1823 114
2414 88
6041 70
2958 192
1070 261
6369 234
4323 283
3438 219
3974 220
6119 100
499 15
647 302
3644 319
6244 253
6740 186
3605 259
4906 267
6465 77
6100 60
5373 107
1777 174
3884 27
3949 324
5902 29
4006 301
1261 167
5058 179
2873 237
1484 159
3705 17
6446 91
995 206
5004 238
2765 171
2651 208
6123 27
685 175
3653 69
6589 52
6867 146
5716 235
5318 30
2379 206
5015 256
2991 267
6033 218
2519 248
4042 287
462 119
1599 72
4036 244
6625 227
7228 249
284 110
6537 84
1715 52
113 115
3652 5
3991 257
2395 50
6928 229
5638 125
6568 191
74 272
840 165
704 212
7092 110
1192 212
735 3
2190 200
6032 325
5725 133
4305 8
3746 101
1796 115
1832 201
6121 130
4553 270
2618 138
6134 138
3663 64
1132 52
7270 312
1896 251
5240 246
3905 219
1241 276
6473 78
2616 278
2071 180
4500 159
1500 90
7236 246
6818 17
739 312
6734 160
4813 110
87 70
4781 260
4123 206
2197 52
5771 13
1430 317
5905 187
3063 25
2720 144
3222 36
959 186
7146 229
4897 300
4141 243
1064 214
574 21
3886 22
3193 326
584 283
4255 90
4895 37
6578 327
1607 121
4743 233
1245 241
2035 198
5365 189
4910 157
5953 101
732 273
4682 277
621 202
6563 220
1948 119
1074 116
6934 224
930 102
6516 174
3687 211
865 325
1555 262
569 164
1637 33
4776 112
2667 11
275 271
6178 169
6208 166
535 52
2407 224
2615 327
5643 223
396 66
2083 215
4027 44
5195 281
5622 236
4199 62
2591 284
2829 30
3832 269
5043 274
3734 132
839 147
6146 259
6593 297
6340 249
3970 260
3704 92
7283 133
4485 198
7051 81
3405 164
1495 149
1813 275
1986 139
7232 251
4994 202
3020 241
4705 315
4947 252
4930 145
721 22
4623 151
1476 189
700 56
112 214
6874 69
2420 120
5121 321
3099 42
897 25
491 100
3937 298
572 307
6269 46
5536 175
722 198
1730 8
1275 300
7036 107
2441 126
4135 128
2138 189
4103 150
4296 116
4732 100
1661 224
4831 252
6495 46
16 182
2568 250
6098 324
5815 270
3428 147
4641 245
5879 241
4844 208
373 170
6815 41
2548 289
5634 259
6056 160
2599 114
1059 28
6116 245
4716 64
2346 261
2724 301
5339 160
3183 136
6397 166
4133 132
224 283
107 307
2639 21
5910 203
587 31
4963 119
3782 111
3201 257
3739 216
232 146
5728 145
5197 326
2080 109
789 223
2134 259
7111 236
2828 248
1349 296
1377 228
3433 168
5174 151
5950 307
4949 6
4070 320
519 83
3294 73
786 7
3910 321
255 81
402 236
2000 251
3381 301
4649 274
1929 134
3719 15
6922 317
746 172
2223 144
6830 143
2814 35
4576 16
7190 199
2104 283
5000 230
7124 11
6968 308
4298 225
4241 200
3784 258
96 263
5663 199
944 120
1168 319
1433 227
6765 129
6410 138
504 204
5189 112
458 174
1799 164
6073 2
6304 299
311 178
1164 170
3878 142
1980 222
3630 312
5247 325
6560 148
1047 20
419 257
1666 181
6131 305
3828 276
809 73
1561 310
4753 288
5294 43
61 175
300 208
7077 262
1603 176
4520 251
5478 174
2004 168
6532 243
6649 283
5830 64
6646 320
6459 4
3078 240
4495 43
4304 27
5690 301
4137 168
5754 53
5601 59
5589 78
6897 92
1858 227
6067 122
4902 125
919 41
2925 169
7091 201
2530 244
5544 159
6868 190
7088 223
529 32
1218 216
6822 61
1762 187
2791 75
6292 197
1775 76
4403 293
2398 297
392 186
5579 180
4364 111
1785 302
1867 122
4196 6
817 152
460 90
3932 279
5151 280
5389 53
6398 197
1488 201
690 110
3235 312
5989 128
2570 220
778 119
1575 13
5870 57
487 128
2031 16
755 191
4381 180
3509 152
2361 113
1745 79
2899 148
1232 295
7211 108
4468 38
3117 228
2823 48
3872 153
1373 86
7101 28
6372 191
1933 123
4943 237
3131 88
1944 1
6986 112
5840 185
2968 260
6287 263
246 125
1567 26
6117 323
6216 72
7240 144
1776 28
4794 165
204 8
3292 13
2431 23
2170 318
2857 49
2582 227
2412 171
2943 189
1841 171
7248 90
2063 265
5037 242
2353 265
2612 213
2454 163
3977 21
6093 114
5340 81
555 201
1407 96
628 260
5211 73
4985 294
5561 216
4130 31
2512 280
2701 88
2403 14
1547 11
7127 186
3754 137
5278 121
956 227
2668 183
5162 113
3575 288
6493 76
3321 217
6097 188
6433 250
121 98
4429 139
483 46
3750 123
1179 78
7034 88
925 212
3681 306
4639 299
307 306
3051 61
5886 210
1732 141
1432 198
1258 212
650 48
1094 284
3543 3
4613 317
3002 237
4991 307
5575 237
5927 288
5566 16
4857 53
1249 285
404 234
3939 276
2082 267
6466 184
6825 311
3258 234
4652 172
5034 178
5578 317
376 86
6654 23
3703 6
1114 3
196 182
1468 16
3971 138
6612 161
5222 106
2761 138
5355 98
7247 201
4912 1
4028 138
4460 185
1121 132
5041 303
3894 87
4195 303
6010 56
3610 48
2805 210
4800 189
1498 87
4248 37
1800 288
2263 78
5385 43
2998 284
5642 177
3617 217
7093 52
6551 9
5708 289
1686 194
2560 320
2106 167
1321 260
6044 307
4393 131
1290 55
4322 191
4569 309
4343 133
7019 188
7009 199
6688 114
6258 286
3524 1
4573 42
3542 89
1971 290
2550 315
7015 143
4633 114
4955 56
2745 208
6721 5
5783 224
7172 76
3656 25
667 20
59 217
1387 117
2502 277
1419 283
5911 150
6150 148
3646 306
3864 321
3568 126
1892 135
1543 227
2942 159
5128 83
1759 251
1901 147
3689 113
3752 152
1670 310
6758 123
1683 281
3067 259
4215 38
2085 269
422 324
2257 62
7234 66
788 258
4998 285
500 127
3670 319
5865 289
2479 53
2084 321
4293 41
3162 9
5223 14
718 268
506 39
2365 7
6118 167
1755 131
5809 121
6965 326
6156 214
4467 204
2292 300
1299 175
1239 202
2434 155
6724 153
4451 167
5854 168
4659 212
416 210
6816 202
5762 137
6561 223
3821 279
3008 51
3957 298
1895 176
5239 54
6081 245
4765 59
7230 265
2723 102
6636 176
4295 293
3453 219
234 260
3737 303
6547 132
3993 286
6344 6
5326 137
5398 258
5922 201
4893 65
3041 169
2840 81
4628 283
7186 278
1248 317
6458 68
5236 157
5493 26
4881 283
3826 40
1323 7
1451 293
2544 172
5583 16
1112 197
2240 144
5448 112
5792 83
776 27
5651 138
461 47
3435 86
438 174
4216 285
3692 320
4395 112
340 147
1529 179
5925 184
588 6
4351 22
2815 115
4213 11
3753 217
1005 59
3641 136
4055 176
1178 205
1307 210
2343 115
4833 1
2832 197
1297 211
2350 138
1188 284
4449 226
4077 213
5581 119
6548 145
282 104
5382 16
4156 12
4756 310
5307 118
763 274
599 103
5568 9
2030 265
5371 54
4873 96
2344 232
6462 43
4184 130
6046 289
6110 155
6169 90
470 314
2839 126
6529 315
6722 223
5235 222
2183 19
1158 211
1262 239
339 80
1535 177
5907 48
1293 179
20 312
3976 99
4607 146
3416 105
2128 64
4845 276
4920 245
1582 192
670 268
4284 39
3395 218
83 22
4407 70
5710 31
322 48
5596 58
4768 249
3111 237
1482 147
33 32
4700 107
852 252
5277 16
1927 61
2355 79
1427 16
4981 107
5859 173
509 322
5077 60
144 95
998 290
4224 87
7041 302
5598 86
3476 12
3336 241
398 146
787 280
1909 313
111 318
163 294
3265 104
1760 237
6496 259
5026 179
4789 245
1447 63
5890 64
2739 197
7180 31
6085 288
761 258
4098 136
6770 199
1041 210
5193 286
44 14
1798 138
4545 137
4515 297
6966 47
6920 2
3191 151
4941 35
3732 131
1319 217
6469 246
1135 61
1493 148
3992 248
2291 158
5221 21
321 185
6431 310
6949 98
4699 283
424 66
1131 17
6310 24
6000 67
4758 280
4568 229
2422 217
4386 56
4007 7
5230 287
3003 94
2637 122
1000 85
221 148
615 276
1353 170
1873 83
6715 237
3922 54
833 159
5110 160
7134 64
5822 177
2468 59
6984 70
7218 6
1099 105
7001 76
4212 317
6689 4
1159 198
6470 48
2044 156
2980 248
6707 212
4236 177
55 173
3077 56
2885 100
4405 323
2850 274
301 188
5970 278
5839 130
6523 39
616 174
101 175
5321 110
3975 296
2740 186
78 326
6177 183
3048 314
887 247
2241 240
3236 274
4795 130
3317 125
4852 72
6417 112
4175 43
5410 154
3004 106
5821 221
66 315
1900 302
1133 318
257 304
1639 164
3483 212
4076 171
3647 32
3755 1
983 64
5352 248
3962 235
663 253
5170 213
7071 159
1557 321
3096 262
5378 249
4384 166
3278 188
6393 258
4303 18
4836 43
6223 165
4420 8
1266 274
1317 128
5766 70
5977 156
590 147
3624 17
5370 8
4677 33
4689 169
1452 145
5788 196
5205 22
6487 75
6060 31
1961 45
2683 224
1017 313
4261 309
256 40
6888 112
7023 303
3112 60
5194 66
3980 195
1886 183
6157 83
5586 211
5644 290
969 213
4062 196
378 89
4040 104
1042 194
1651 240
3093 29
5532 153
4367 73
6655 12
3589 161
7097 326
2192 219
1481 164
4552 64
3198 84
2539 178
2009 133
1412 256
4388 314
5731 141
4238 322
1897 313
3231 17
4413 15
5208 278
2075 323
6677 163
3961 189
5963 87
3582 212
2605 23
1544 16
5112 119
2055 34
1577 59
5486 261
4896 242
5533 121
861 56
6378 224
403 218
5362 131
5008 74
2910 285
7279 240
2952 237
5666 145
2320 251
3586 307
6285 58
49 201
5895 59
4473 182
7294 318
1990 159
4849 218
5229 262
4023 271
4394 251
5171 148
2115 49
5076 82
433 292
2685 35
395 82
3369 320
7150 242
800 278
5592 129
6812 246
1538 87
5769 251
2376 84
159 294
1374 228
3846 291
7175 278
2010 54
2825 211
7130 257
1790 223
298 224
5943 237
3037 106
6817 241
4471 196
2027 207
4683 241
5316 104
4559 271
1522 231
3997 43
7046 79
890 86
5605 12
435 69
2640 254
5785 122
3728 287
3497 276
2528 254
2188 113
4952 318
3297 109
3505 304
5053 145
6127 323
3007 273
5094 182
3468 257
5179 131
3935 278
3221 237
1868 137
1984 51
1365 280
4915 168
2786 294
7212 164
2198 18
836 274
6885 39
2903 18
3121 226
3039 172
3357 7
5134 241
3481 70
5310 236
1881 305
1120 129
4661 298
4825 74
4200 113
1445 46
4237 199
4297 172
4993 69
665 269
2189 181
86 8
6813 124
247 137
5662 277
2476 181
2279 148
751 60
2089 19
3355 85
2714 237
3270 96
1677 14
7268 180
1233 28
453 94
1460 77
3751 47
1265 21
7250 28
5403 302
4138 251
6962 306
2609 160
1771 37
709 275
6653 219
5046 156
2405 256
1137 241
5430 88
2635 310
3017 176
1743 301
679 155
7084 166
154 324
3383 44
6070 182
2891 2
2313 7
1263 197
1271 39
2849 319
6079 92
3590 193
5266 48
2364 202
976 94
3931 281
1247 122
2373 13
1413 143
2882 81
1711 284
2961 67
3136 15
4772 36
1471 150
3133 36
743 144
3883 110
7126 229
2513 58
2175 135
3301 161
4038 73
2016 313
575 285
3679 176
744 326
2070 75
4676 234
1718 106
1587 213
1589 154
5853 259
4728 178
3631 280
4708 104
5972 22
2770 30
1220 17
6191 55
598 101
2096 52
3545 27
4371 120
1618 294
152 47
5695 75
3800 184
3550 278
7273 183
5153 310
542 40
6514 278
6035 116
1209 197
1386 213
7017 85
3562 104
1510 16
4514 80
4854 34
180 263
4256 136
648 260
202 326
5117 134
4859 287
5620 234
7060 17
5154 212
2902 46
5632 194
5535 281
726 41
3307 165
3047 209
1588 127
4827 213
1100 127
829 173
5961 128
4944 14
769 172
4250 66
2032 211
6449 291
974 99
3870 72
4888 84
3560 25
3906 73
779 161
2262 82
2795 132
3267 265
6680 40
5623 320
2006 72
637 167
2176 204
2439 108
6507 222
6766 89
2636 269
2327 150
3442 71
6299 258
4488 206
6975 83
4528 67
342 111
4396 129
6873 10
5002 24
2757 247
6245 313
4004 98
7235 206
6567 234
2324 203
1899 106
5455 112
6876 34
4522 304
6764 288
2940 155
6993 100
962 271
5257 216
5739 294
3911 219
2871 298
1925 101
1364 292
6394 237
2124 104
1278 126
2003 316
1654 311
730 171
4044 161
3252 41
2107 326
3857 214
6717 78
4554 319
125 201
432 236
1296 113
5248 245
1935 4
4900 239
1643 216
2051 66
4109 129
4418 109
3613 197
4656 210
2050 95
729 159
320 88
2174 128
6926 84
124 218
5946 186
2462 103
1610 322
3678 127
2543 316
1208 159
5808 315
4942 99
1689 179
3959 66
1830 257
2061 17
6641 5
6082 302
4048 293
6793 135
6996 62
309 179
4117 107
1037 207
3529 99
4566 204
1890 234
6234 287
6969 23
3574 267
2734 34
5107 38
7118 290
7113 113
2023 153
4145 176
2856 11
1523 107
6582 237
1237 259
7241 224
218 15
2861 198
3185 82
3861 209
922 139
4961 233
825 9
1725 45
4144 51
4512 256
3069 211
430 47
1620 283
4409 230
530 141
884 110
5470 139
4480 133
6878 163
4114 74
6034 227
6084 121
1964 294
549 193
6691 274
4729 183
5700 32
819 253
3995 158
2264 187
3243 236
1789 207
3457 41
1664 233
3912 135
5979 113
3232 282
348 325
1229 93
6981 70
5855 293
4921 302
6608 230
420 113
3319 248
639 78
3789 171
513 124
394 150
3092 284
4417 249
4387 152
4474 167
6743 111
2200 189
1818 229
4452 115
1246 270
54 17
5481 103
6037 227
3421 63
6358 261
6982 262
6784 27
3986 15
4287 29
4052 182
7022 169
4690 215
94 167
5661 181
270 31
6706 215
2845 308
6401 203
2654 258
2973 64
1815 215
1219 277
6194 171
5080 249
4799 188
6855 13
6095 160
5279 314
39 42
4012 44
447 295
6788 114
4233 93
6762 237
3275 190
1191 301
6388 242
1015 278
6985 155
2997 61
646 193
5571 210
276 88
6798 223
5127 240
2402 186
3274 151
5243 181
2452 314
4481 54
3490 228
6144 296
214 59
1995 118
6483 288
6051 75
1542 71
970 143
7080 279
4796 266
7197 114
6904 161
1434 52
801 27
5374 3
2935 322
3738 120
2108 207
1809 299
114 244
5597 102
2746 286
1516 202
2242 99
3351 206
6676 124
4862 195
1350 276
5876 200
1691 320
3796 53
2792 21
1705 197
3271 182
2811 172
6627 322
6666 10
6628 212
6238 15
427 71
5074 327
5303 176
1150 27
774 222
1736 216
7284 153
5022 120
1876 220
1052 208
3844 58
3495 168
6105 310
5877 32
5826 17
4181 149
3124 272
4275 111
4759 320
2041 222
5727 30
1875 208
3809 27
7189 236
7181 170
7288 301
105 102
841 307
1846 77
696 321
5173 306
3241 27
719 269
72 64
2577 122
5160 244
1288 241
6203 103
7274 219
174 23
2166 177
6467 277
11 104
1833 2
2144 133
7195 298
2913 268
4635 297
5720 184
3401 75
5350 162
6036 321
2953 223
3250 305
6687 150
4979 151
2547 22
6728 323
2058 301
2652 211
2458 148
933 4
6236 18
5714 250
45 230
359 61
597 105
1354 163
6486 56
853 27
2149 210
5500 324
4803 288
3042 316
1071 149
1520 107
4129 227
2272 188
7272 298
5974 300
5595 298
3068 90
6065 298
3135 200
6225 323
9 272
6880 173
1606 231
6251 170
1983 149
2329 320
6389 314
3281 196
7269 317
2180 97
6745 3
867 37
346 317
981 10
2678 154
1003 33
3199 104
6778 126
1076 231
6704 305
3772 180
2401 272
7229 287
42 206
2710 318
4898 311
4345 325
6786 267
4254 152
4325 31
3700 39
6544 17
869 161
5705 189
3422 26
1928 142
1303 109
5400 156
738 254
5520 83
5300 38
5359 38
6546 293
3890 24
5827 230
707 137
3255 151
638 124
7 237
3400 315
1033 23
5540 206
436 277
5253 271
6005 152
6447 135
1653 13
2221 128
423 245
1058 247
5996 277
155 60
6500 35
6837 325
1357 91
4562 7
5552 102
2340 83
6020 1
3723 234
2466 87
2056 142
2541 272
547 165
4542 228
254 73
3380 228
3668 92
5798 281
697 16
966 208
2666 160
2284 228
4938 167
1532 327
2977 326
6890 212
4749 43
2092 225
2374 210
6635 14
4183 169
1976 179
2216 79
926 86
2697 297
1206 276
7078 235
4505 244
4338 236
2567 145
3909 306
6280 255
2151 180
784 319
1786 146
6113 313
5088 182
4149 289
4120 159
2735 248
7030 108
1574 256
2780 42
4016 325
3499 110
1840 188
5342 232
5191 293
6751 56
4079 210
5693 246
2733 181
6115 34
937 261
4544 301
2065 288
3165 327
3397 144
6584 199
1284 116
6843 291
5328 174
3141 231
6391 239
931 145
4136 283
5824 279
3452 264
3899 169
5449 47
4128 284
5547 86
4358 251
2736 253
3636 322
2760 312
6931 7
6938 179
4167 277
2393 36
7199 124
1910 211
2581 219
3151 229
977 85
6355 221
4279 152
2960 135
1580 284
6844 51
3190 174
4960 308
4118 66
5332 316
4917 43
938 169
2751 92
6451 142
4790 181
1549 35
2630 101
3055 276
687 146
6107 232
6917 103
5081 322
7163 106
688 226
4360 286
6090 306
4316 312
6197 191
5275 146
5920 55
3792 2
1392 274
1450 308
6403 247
3533 81
2086 140
5443 301
7020 261
1652 113
1054 130
1817 62
5995 172
2732 155
4767 163
610 167
4300 92
166 67
5894 39
7026 252
1816 222
1141 157
3087 315
2157 82
3958 14
4444 245
6503 92
3256 198
3614 205
5689 105
3845 261
4083 201
6629 42
6971 309
6366 154
2821 322
2764 125
6002 41
6911 174
3212 145
7013 276
4565 247
5262 129
3926 308
5871 56
6315 165
2580 63
4967 244
4164 26
5559 195
4605 279
5833 201
3194 317
6308 37
3779 13
5476 322
2979 216
4311 288
894 209
3209 135
2158 239
2380 201
1965 291
407 243
3897 60
6790 60
946 181
1938 207
5955 179
5954 37
5273 203
6152 36
4989 303
6395 199
293 105
7042 196
70 22
5387 245
3272 103
6590 284
5712 317
2383 111
3635 108
5 259
5064 312
5118 302
5802 8
6613 31
3000 10
3436 145
4310 309
1372 20
6129 221
3836 267
3805 46
1458 146
3834 167
6750 187
5479 7
469 126
3758 289
2990 236
873 325
6289 153
939 260
7291 31
3639 38
4784 61
4422 55
6159 205
332 302
6831 131
5938 201
4508 177
1527 21
4817 164
6800 171
5036 46
401 239
5945 269
1942 293
6387 43
6161 59
5878 20
3418 89
1118 84
1978 283
828 204
5759 158
3539 76
1344 169
6525 119
4122 58
929 94
684 52
3234 106
1106 183
2362 217
4490 28
1314 221
5023 175
1685 191
3594 191
6313 26
6979 237
283 281
475 87
2409 324
6841 149
6094 129
5787 75
4829 288
6237 324
6284 224
2914 91
5998 218
2244 322
5616 73
6221 177
455 129
426 65
4100 67
2944 188
5560 107
3882 280
1716 295
2776 233
5155 293
2419 234
2111 1
5612 308
2741 135
945 138
4518 52
2110 191
4142 59
4855 80
3120 93
2569 205
5978 133
4337 34
6896 100
7029 106
5654 8
3109 15
595 229
1119 69
5157 15
4925 64
3511 196
7096 1
2799 232
6055 72
989 97
1568 225
6193 175
43 59
7280 36
2926 324
3434 258
585 279
1110 122
5143 12
2390 111
4170 194
4782 72
6125 259
6477 248
6273 225
6951 278
4841 128
6577 180
4139 18
7262 151
2962 190
3187 12
2258 191
2632 122
4223 25
5363 169
2838 29
4463 21
7176 150
3082 322
473 320
2294 13
1508 236
5104 17
2505 99
1616 267
3904 33
1908 51
1439 236
5993 316
6375 301
4127 26
1999 326
4685 9
5404 155
3443 281
1851 204
3459 5
3502 97
6058 183
2549 251
1388 157
4723 255
3164 28
5097 274
556 201
5668 81
349 151
4587 160
6338 253
5035 301
1747 197
4011 95
3144 285
1970 55
7167 47
6300 81
1682 270
2848 129
1334 257
6088 222
4198 79
1871 249
954 302
6558 3
6186 320
6936 106
5471 149
2427 222
6679 181
1056 60
492 82
5607 62
1635 199
4162 245
3246 68
3871 216
2771 156
4578 133
3378 11
3343 13
7216 248
4775 1
792 305
5742 281
5554 13
5577 272
4564 173
6533 98
6211 280
7054 302
5003 98
7286 306
2596 58
2950 301
1768 266
4603 29
6851 318
4618 206
6953 37
4846 74
4940 209
150 125
6884 119
2503 83
5491 147
4953 81
304 248
2482 199
3538 18
3585 199
244 176
1613 183
4146 72
3766 21
6141 242
3276 140
6638 79
2017 73
942 199
3249 205
4019 22
1634 218
5930 242
2716 209
4760 300
4611 177
3578 123
4823 52
2876 213
5198 37
797 16
5906 50
6028 6
1694 293
4875 75
2572 195
2386 66
6795 133
6960 141
3283 82
1310 42
3500 309
6165 56
3671 180
6959 295
3815 8
5005 97
6181 217
2460 316
4271 269
4182 70
3546 167
879 324
4904 301
5863 127
478 297
1957 196
6428 23
3607 263
6277 30
5159 76
794 6
1305 169
2851 317
1593 195
2617 271
3104 95
2894 87
5677 278
3045 29
4461 202
3126 14
5047 233
862 238
2146 48
7177 68
4719 203
4285 136
1550 234
889 155
5513 152
7242 308
6848 235
1153 120
495 326
5572 12
1778 114
6643 278
3626 157
1968 177
3339 290
4225 225
5296 98
2742 114
1420 26
5420 151
7129 223
3009 156
672 299
4550 158
1748 244
3263 14
2161 61
3423 28
3893 10
3764 201
90 180
5113 24
5778 88
2332 101
2212 128
3536 255
872 222
4073 299
3559 254
4336 234
6598 87
6270 271
6374 219
1783 290
3879 88
1611 66
3431 327
6594 126
5692 15
5482 281
4061 72
3799 176
1343 239
5845 325
3115 177
6360 308
7254 319
6206 3
1473 36
4492 311
6027 261
4914 66
2521 219
4972 74
3454 63
1255 36
5515 226
5497 49
3108 2
740 10
1355 178
3460 162
910 233
6802 308
2392 111
725 231
3623 69
737 151
1301 91
5949 211
6620 196
5369 78
6565 126
4736 296
5304 226
1160 217
3934 199
3152 213
7027 184
3089 34
2892 4
4558 145
3840 46
6440 204
4786 131
5985 182
6427 313
5381 55
2293 284
4106 107
4260 85
5250 158
1524 128
4328 114
6190 256
5196 14
2687 154
2620 55
3724 187
5386 78
1889 35
1905 129
46 211
526 125
5724 252
583 102
5602 198
7184 41
6941 167
846 266
4798 264
6491 200
4318 309
1595 84
886 307
36 50
1415 47
3467 249
389 234
1805 104
6492 192
211 315
5241 121
1803 274
1181 242
6640 203
5282 109
64 258
1531 112
5721 13
1242 103
1096 206
3018 64
3066 166
245 294
184 119
6508 189
5636 242
3547 288
3415 212
5994 3
2558 266
6672 148
799 209
940 282
2049 315
2384 166
6615 256
1512 103
5761 91
3713 123
6435 285
5185 62
134 71
6425 224
2727 129
6022 57
2889 182
1333 239
6729 128
4176 232
1981 286
666 83
5158 228
611 327
1663 192
1912 140
6482 188
6014 210
4442 161
1093 50
3683 140
4850 284
2219 57
415 135
1835 224
4602 20
1922 44
6 268
5327 199
6198 55
4526 239
5377 107
4057 20
4757 119
4995 102
1940 203
6540 253
8 158
6327 48
1462 26
1630 142
1605 117
1612 285
6998 275
153 28
5681 229
5473 177
5358 300
3868 14
2853 79
6109 118
4555 65
3444 89
4494 87
6103 137
5048 179
3709 286
7202 47
291 245
1073 121
5889 286
849 259
3130 298
3929 169
6424 80
5986 20
4054 11
6172 106
1812 173
7227 50
3558 185
2314 72
197 52
5445 114
3025 151
2160 202
6623 89
4647 87
7261 248
3425 111
1662 69
2662 103
602 270
7289 163
2833 95
2470 234
6480 72
4074 241
3564 55
5376 44
4742 108
6509 84
5383 43
711 118
2227 121
2391 288
4540 175
979 319
2898 311
5976 228
3391 228
1403 44
581 75
2147 167
4688 137
2118 15
6476 148
7121 97
6351 71
2537 78
4306 237
1469 222
4066 120
5881 163
1483 154
2011 119
1440 26
4864 124
3531 90
1144 172
3360 188
3147 38
203 215
6886 312
2966 250
6749 231
3150 23
2929 13
1632 56
158 213
4934 44
2778 125
3088 77
1631 298
3372 52
2679 30
84 23
2233 29
1891 152
1238 312
2531 236
6776 255
2754 304
4596 119
1416 283
131 117
5935 98
2423 175
5472 237
3058 259
4980 289
2268 33
748 270
7007 148
2643 244
2238 52
4258 118
6260 191
7213 133
917 124
5751 301
6288 62
5582 315
5050 298
265 245
2062 110
5111 293
714 55
1648 155
5178 253
3426 200
5888 177
30 4
1020 14
2717 93
1934 266
3973 30
6948 216
4962 107
3794 272
5983 48
7290 105
2451 185
2711 75
5394 104
4734 287
5507 308
5030 103
608 8
3325 122
3849 26
5317 109
7066 193
4778 318
5619 33
2881 67
5524 320
3999 282
3168 139
5641 36
3859 265
3192 20
4257 183
7255 56
4168 303
1040 273
6415 216
6642 206
1894 214
1221 234
1820 85
3414 135
4084 288
720 62
5655 183
5225 62
3254 263
501 209
4230 26
6450 294
1244 2
5399 82
875 43
5136 220
3333 111
2237 95
7070 147
6416 36
6218 165
212 315
5142 205
6522 246
4581 68
443 148
6892 110
4997 290
2890 132
4277 234
3978 100
5959 93
1931 279
176 186
1302 279
1622 211
2510 298
6512 21
2467 146
765 133
5147 236
686 149
2812 283
3503 314
5091 39
1672 226
4701 215
1330 135
3280 9
5969 219
5869 230
600 151
3791 139
2646 315
5849 55
3662 2
6877 305
4231 275
953 225
4828 287
273 51
848 201
167 136
3239 256
6785 318
3094 47
1784 238
808 62
4546 68
1645 43
205 84
141 82
2440 177
578 297
713 28
3537 285
5305 47
4976 154
6699 54
3427 203
4754 254
4686 251
5653 174
5545 142
1552 76
7245 107
1699 70
2836 314
1793 256
6330 244
4484 107
1079 273
1223 141
365 3
6711 66
5440 244
3777 154
93 210
2443 51
7153 216
4588 28
5464 93
459 279
2448 204
2522 136
2449 314
109 275
5649 17
1061 229
3513 238
3173 98
7135 297
220 319
73 49
3720 48
3160 164
7057 80
6757 105
1701 29
3327 206
5965 100
6850 165
6939 85
7226 316
5297 278
6272 48
642 274
6923 225
41 316
4714 205
5329 6
1825 134
2388 127
2579 56
5504 166
5873 151
1410 191
1084 256
5780 294
7110 263
7207 188
382 17
6905 198
5498 8
431 283
6230 93
4317 238
6068 97
3313 94
1879 136
2695 201
3795 121
4891 117
2999 292
5254 91
992 297
1963 298
7132 48
1267 215
3604 38
3463 260
1148 229
5021 167
4645 158
6694 281
1828 147
4678 66
7087 317
434 248
4210 1
7165 146
1092 165
5397 59
4045 83
3134 324
2123 50
3888 111
6224 258
240 322
1273 161
857 288
7296 43
924 29
2922 267
3054 183
4978 252
3223 213
7147 215
4616 160
3368 204
6933 85
3699 314
1187 37
6207 224
641 47
1764 192
264 250
1956 25
1289 262
6538 87
5702 30
4475 39
1560 63
2649 75
6684 311
4095 203
7050 193
5665 73
4631 60
1541 155
1174 221
177 18
909 41
731 327
4706 141
4392 196
1674 190
7265 265
6737 87
6436 224
2607 317
2259 168
3903 78
1087 232
5904 280
5939 259
6958 226
4867 52
5075 165
5466 311
13 134
1348 5
1617 92
2500 215
659 158
4763 126
1108 44
753 215
3220 108
2159 214
6575 281
923 311
5704 262
2477 24
6488 316
972 122
902 170
4320 51
4454 22
4457 283
2040 42
6016 283
6859 90
4116 5
21 140
2705 245
2372 251
1404 42
2369 117
6673 234
1467 134
4629 52
3071 121
235 284
1023 46
4075 146
161 144
3080 125
4101 303
2658 152
1053 138
6929 46
2919 282
756 103
5684 238
3101 112
2201 146
528 53
6823 30
7058 28
4068 131
2137 305
5062 69
5732 59
1866 51
6772 188
5429 93
533 99
6730 241
7004 297
5903 284
148 123
821 1
1175 58
4222 2
3544 130
2800 136
1826 325
1624 319
3083 149
7276 267
310 267
4005 124
3334 154
4448 313
6373 210
6918 103
2924 245
6603 299
4050 181
3244 181
2835 66
1504 160
2688 187
4548 259
1633 5
2210 170
3829 74
3525 263
4510 43
4721 243
573 229
2271 294
1424 317
6130 49
6683 32
3486 309
79 294
239 168
5436 222
2704 265
4163 238
3966 286
164 268
3161 67
1097 251
4327 22
6652 2
7069 262
1340 174
5087 299
2288 93
733 236
303 158
1098 12
1184 96
3603 293
4166 167
1055 78
2455 55
1746 265
567 78
3489 13
4783 114
6291 11
6668 80
1598 206
318 120
4496 28
2917 59
783 60
699 4
3035 163
5892 321
6631 303
2915 310
2269 247
7125 323
1089 53
496 308
4666 248
745 185
362 128
510 305
4491 158
1080 190
522 209
4848 277
1182 320
4939 190
4366 23
3061 327
1576 112
4872 65
5027 198
2358 284
6356 119
7106 133
2954 323
2516 11
6865 188
6753 233
2077 38
328 294
5220 308
1008 266
5427 208
292 318
1960 69
1149 51
1513 196
3714 278
3331 292
482 310
2299 264
5837 125
4188 272
6713 28
6669 157
350 272
3119 19
1461 121
2378 268
6189 166
4737 224
644 308
4189 228
3245 240
1327 33
5741 194
2184 85
1518 197
5150 10
3072 126
5347 259
4389 285
1226 201
1583 113
885 56
4532 13
5108 19
3202 165
975 273
279 155
4056 100
3612 61
4650 202
1850 220
1411 86
3023 279
4209 215
507 20
1001 227
655 133
5019 101
2602 211
7116 228
525 306
2254 183
6227 314
5447 10
2798 302
5823 15
4840 173
5505 249
4453 278
1729 282
7065 214
5848 100
7032 184
4458 157
6030 319
2831 244
3296 128
6412 82
3741 286
1394 272
7075 217
4615 241
7225 80
2382 5
3567 29
1346 10
2218 200
6698 7
780 140
4455 319
934 167
1843 78
2285 170
2019 10
6864 153
2772 221
3790 109
1517 72
3127 41
3346 29
6944 244
335 3
2883 237
3100 150
7219 54
1380 205
4246 102
4693 174
1190 51
4903 193
437 222
2348 10
3046 305
2947 94
3965 138
6576 251
1085 288
1969 146
5991 164
7157 67
5207 188
6660 95
142 122
4929 323
5421 250
984 53
29 140
6569 152
1431 264
7162 64
6611 256
115 43
6025 236
2631 270
5857 240
5556 227
6168 8
6111 274
6882 16
6647 158
517 47
6485 140
5917 141
5534 273
2193 53
3373 106
397 284
1154 151
4593 9
5176 115
3892 285
4865 43
259 234
4905 122
6664 166
3801 307
2246 14
5259 24
5539 113
209 240
3404 263
6527 310
1479 112
2143 183
5968 320
7170 179
6675 192
6663 59
4673 201
5302 33
6712 142
2672 230
1456 45
7119 283
4957 193
4868 280
3471 190
3964 24
4877 15
781 41
277 39
7094 134
6727 197
3666 83
3924 167
4378 121
406 82
3667 313
40 105
508 136
4556 263
194 21
2473 271
3347 153
6263 153
242 118
2187 166
3299 69
6276 116
6124 182
2304 305
4483 179
1941 141
5263 301
5803 234
3358 23
1502 83
3095 47
893 9
5320 209
3396 285
4878 77
2252 293
6050 177
4433 50
6775 251
5834 277
5014 169
2199 29
4121 175
387 72
5899 232
6019 69
2846 55
3938 73
1837 249
586 208
7109 14
2875 217
2622 39
3786 265
4860 59
1328 92
1930 323
4973 211
5944 138
5395 229
552 295
237 234
269 101
5163 201
3304 146
880 180
5467 130
2908 84
3021 107
6054 165
1722 67
4157 200
6011 200
5530 84
6456 159
5354 119
2260 320
2774 230
3070 27
2707 293
4533 35
6530 99
2895 255
5860 239
5501 169
425 125
2830 57
7105 161
1528 131
1021 286
75 224
4002 235
1311 145
6534 189
3116 175
4674 111
178 141
7068 75
233 222
6040 84
3740 137
1318 122
6319 108
3967 269
2645 221
2642 225
3310 1
3344 194
253 315
4290 210
1515 150
2784 152
5146 29
1423 155
5177 183
1222 196
4362 129
4664 166
6404 49
1757 313
734 295
3887 5
363 301
6539 179
5122 185
1801 103
217 307
1436 285
3616 170
1839 38
5614 275
4090 80
907 274
5562 324
1675 326
3628 272
1161 150
3629 257
2715 151
2862 159
344 50
6013 109
4218 34
3553 199
2416 95
625 139
1501 103
6801 58
5753 121
4679 48
5774 202
5393 211
3650 11
6747 133
5958 178
5391 286
3944 192
4984 17
1453 277
1887 192
3747 305
2517 222
1704 26
314 322
2972 53
3154 317
3365 148
2655 101
7198 55
5103 315
920 238
6846 19
35 101
5384 225
4029 121
1402 152
6907 102
1972 50
3956 174
7005 15
5214 91
3552 183
2841 8
1127 296
1477 169
1379 267
1480 172
7178 254
4462 30
1936 127
1134 226
6164 69
5862 7
1751 97
5973 142
4067 242
1125 305
3006 58
5521 286
7098 72
4411 181
5066 68
1678 307
3389 265
5301 9
6587 247
6501 58
6819 250
1339 92
6371 3
5842 55
619 103
1421 1
993 176
941 225
3597 201
351 101
6301 304
3461 86
1807 194
4837 160
2447 115
2493 185
6135 204
4071 224
6220 67
4252 239
1993 37
2256 156
2 54
4143 163
2239 146
6047 181
1326 1
3804 92
5018 322
4694 217
6943 274
4543 314
4874 237
5265 71
553 116
6343 65
1312 172
4698 96
1647 121
4365 177
5531 107
4229 63
3987 60
2698 39
3648 321
1494 73
4416 267
3512 278
3148 325
633 163
2206 182
355 133
2556 164
3990 146
2302 85
3880 208
2196 235
5499 229
3455 169
3315 61
2983 52
6209 3
2266 178
3632 197
2870 260
4015 63
4869 66
6365 123
10 108
6974 217
6601 288
3818 75
238 175
313 104
1558 52
6406 102
371 133
3022 220
1214 179
2725 286
2536 202
791 64
1958 258
4203 179
6185 111
2330 88
6690 322
1039 103
2872 26
6553 147
7055 264
4744 163
4933 92
2315 117
3669 156
2012 39
4624 67
1641 213
3523 192
465 108
7008 187
6839 243
2103 3
881 312
2868 63
4078 210
5613 218
85 70
5916 165
3479 52
1514 267
4192 185
3598 71
2858 129
3102 125
6879 153
5237 167
2706 178
3721 279
6992 151
6345 70
226 131
3447 216
3682 302
63 314
5219 133
5715 250
3637 252
5926 90
5460 225
770 162
4177 113
5707 226
6927 230
2255 242
3853 55
4709 104
6413 94
3014 16
2007 146
6453 320
2661 21
967 1
2119 5
5701 30
6519 250
3873 265
7000 168
3285 19
3862 246
2122 172
3043 86
3286 85
708 133
1083 222
3430 64
1794 286
3507 297
1369 200
3848 77
1163 100
421 208
208 249
6556 294
6408 165
6900 222
6997 4
1391 165
1864 315
2647 119
695 199
3711 102
6693 183
6940 165
5625 143
5475 58
4517 196
3073 317
6350 130
5292 182
1136 212
5948 26
3248 194
3261 282
6557 124
6052 62
7238 223
5523 290
1485 110
3171 57
580 283
5348 227
5249 311
6290 93
6967 196
2301 187
4197 185
636 65
4000 153
5261 166
3029 118
5765 304
5412 90
7089 199
4675 111
306 200
488 251
1667 10
6554 11
5431 38
5914 296
1690 5
2341 118
5033 176
3302 195
3377 301
6586 154
5165 293
2025 241
267 205
5928 107
6363 59
3695 317
918 121
4726 244
3697 22
5040 271
813 226
2230 51
3398 297
2126 314
5748 275
5361 153
4335 195
3259 259
98 213
6139 137
5012 115
5203 209
883 93
479 17
5851 150
5434 91
3989 51
1804 5
802 221
5234 20
4423 184
2399 326
1769 311
630 284
5883 6
1496 86
2670 7
4657 121
2186 66
1673 318
3448 110
5744 157
4913 193
2298 266
5752 299
5405 54
4822 316
6438 75
1869 97
2613 106
2150 29
5092 37
219 140
4447 307
441 61
3601 124
188 122
511 277
955 28
4406 87
6977 191
4147 82
4397 192
7082 91
1069 172
3716 47
1426 296
3761 326
3032 326
5028 38
5558 72
5828 185
5900 150
749 302
3237 23
1466 94
5032 275
1836 29
5100 40
521 285
1 264
632 66
2759 227
38 324
7016 75
5215 33
5200 90
489 25
5446 138
6935 89
963 58
723 33
3996 20
5166 266
1151 45
7141 10
952 313
651 285
6295 19
4665 186
1050 193
5224 144
3708 182
3477 161
913 61
1128 51
2129 80
3350 161
2703 137
2021 299
3649 167
452 246
4937 321
5414 273
3122 13
5271 70
1865 211
6853 60
225 22
1129 184
5105 139
32 44
4440 312
3807 227
3830 323
1091 15
6901 240
1325 4
6738 102
1444 29
4333 2
5031 227
7128 87
3731 283
6665 132
145 97
4020 144
6311 243
4046 223
6895 151
1650 217
5129 261
5580 138
2803 285
3729 138
3994 151
6863 207
2693 106
754 196
251 300
2338 66
160 128
4608 55
3440 130
2205 270
2906 2
2046 49
6899 84
3390 278
6528 133
1926 165
4479 157
5683 231
1967 108
5144 189
4249 217
2204 171
999 315
6043 323
5506 314
2275 16
5312 40
2920 81
5070 182
6947 310
1270 167
6535 33
936 293
249 133
2600 3
6200 222
640 133
4541 306
6381 25
3842 279
6089 319
1709 28
6145 311
4283 223
3326 28
1585 159
6329 282
192 178
260 70
2195 279
6682 276
4687 285
119 229
6353 231
2709 278
5745 311
1287 10
315 233
1376 262
1313 121
613 230
3680 204
6368 75
1533 171
7131 154
3566 187
645 218
1903 264
550 235
4053 125
558 130
323 156
1428 114
3492 177
2927 57
4274 150
4150 195
2229 305
6264 118
932 119
4148 133
331 4
3485 92
4586 187
2555 185
4627 247
497 149
3356 109
2377 13
5796 157
4595 173
5942 111
2140 90
99 209
4424 176
834 179
6774 166
6091 192
2097 53
5962 270
3627 197
607 20
1320 226
5627 283
5932 307
1727 289
1623 84
3406 249
3588 283
2249 14
3437 61
1268 199
4621 193
3402 249
6531 319
6714 183
6619 264
3019 232
5181 121
6314 295
5664 83
2499 245
5069 282
3028 286
6834 139
3820 101
4202 58
1723 315
5141 284
7171 138
3839 6
4430 141
4180 271
4033 16
2318 110
5584 10
5810 146
2775 80
1609 185
4509 205
1446 232
4041 44
2345 12
5687 106
5680 226
4049 262
5456 81
6657 82
3947 321
2112 324
2461 193
1951 269
4390 47
1342 180
3218 130
3759 61
18 42
871 134
5029 288
2606 68
6158 155
5795 322
921 143
4251 25
2650 87
2164 247
7025 1
1036 216
2804 49
3273 142
4537 220
6566 103
6318 231
4990 122
1250 147
3774 48
793 146
5674 131
2911 53
5791 255
190 197
2211 128
6307 51
2307 46
4924 6
2598 205
468 125
5743 159
2897 172
1217 21
5073 61
2909 186
4620 232
2756 20
2726 189
6685 142
6439 82
4438 202
1615 325
3619 270
4228 5
4208 189
6170 126
2691 193
1649 160
3230 36
4346 286
3676 135
5606 97
5335 137
7102 285
4292 186
5550 288
680 29
6282 19
2136 190
7215 15
3012 36
193 78
6748 59
6914 99
5227 107
2749 164
1422 270
361 201
82 126
3941 78
5106 300
5564 163
4502 196
5054 264
3686 108
302 157
4400 206
1230 301
2207 8
2357 147
3749 194
3180 218
4590 324
2342 274
3788 159
207 116
5882 142
2435 97
1602 61
5068 114
1719 151
2296 121
6983 183
4339 37
4439 317
6670 223
5806 87
1201 23
2208 125
5846 198
2226 253
2994 41
4761 213
985 242
472 71
3622 231
4063 48
868 16
2492 192
299 44
3211 102
6686 38
3157 306
2235 171
2359 106
964 72
2675 290
7285 301
1200 256
5772 202
2047 6
1243 96
1773 187
6463 159
1115 228
7185 65
677 146
6741 301
4821 111
1371 267
3184 100
2406 168
2987 112
1189 26
3936 175
4399 208
1916 251
6166 265
3916 249
1399 273
6881 197
367 276
2648 156
1534 282
4245 320
4419 255
5984 233
4102 47
1592 31
6735 266
524 186
3927 180
2453 123
2574 26
3534 308
1124 237
6042 43
2768 109
3580 122
3674 114
898 14
4501 279
6924 284
6891 8
3103 301
2165 311
3898 277
88 52
4503 204
5522 119
653 45
568 193
6681 302
2949 59
3090 97
2562 160
3621 35
3519 274
6573 17
5933 49
4017 241
5426 80
3056 196
1738 200
116 241
6409 215
2185 305
6580 201
1107 327
577 89
409 158
5801 291
56 41
905 110
2152 317
5537 313
4435 290
370 2
7014 168
4380 230
3640 248
100 16
1740 21
2763 297
6952 238
3817 26
1035 241
1077 19
5115 225
1180 224
6179 168
649 11
5567 246
4124 234
7194 194
4428 132
5756 41
6773 220
5924 141
4842 59
2337 12
5628 51
5065 281
4717 16
3208 39
1025 71
3282 101
4410 35
5658 61
6671 92
289 89
3480 229
7021 81
5309 155
4832 145
4965 83
760 223
2918 273
3928 194
3424 144
3156 259
243 273
2827 164
2978 315
2576 46
4060 85
1435 67
4815 305
949 101
6377 32
6607 5
4072 42
4773 309
337 327
5723 84
1997 179
5175 157
4660 168
358 279
6053 169
1556 208
1829 185
2989 86
503 275
2893 184
601 112
2916 41
2048 168
7203 8
5336 175
5896 46
6006 188
352 101
3064 65
1362 279
2469 278
5045 313
6633 96
6092 12
1081 129
6991 262
1604 316
7044 190
4525 155
3361 26
1370 150
4871 42
5380 118
4082 32
5880 189
2245 264
4329 149
6281 178
7099 39
1821 277
6099 135
807 175
1382 244
5694 93
6842 89
1988 160
4024 300
4654 229
484 62
6980 206
1286 258
3797 175
2005 59
2105 100
6017 125
4966 191
5120 303
4353 145
832 109
2026 293
3472 159
5885 255
1519 324
6075 44
5039 160
4489 300
4771 222
6296 86
2781 6
3242 174
3149 144
6946 263
3659 46
324 311
5051 273
3541 129
6400 233
3915 112
1186 33
2527 229
3867 139
68 143
4810 192
4272 75
3577 144
3016 231
5345 241
7159 6
3730 264
6059 50
1063 135
1917 136
5084 20
2323 250
3342 268
312 122
3951 161
1006 122
2038 279
2234 169
1509 129
7166 32
3556 254
576 72
1959 300
565 325
782 95
449 201
570 315
3634 190
384 196
7278 214
6222 201
6326 102
57 13
4529 320
4427 279
2680 129
3851 53
451 296
6324 228
7011 67
28 305
6809 30
5251 258
5306 217
360 64
5325 241
1806 315
4585 2
4834 315
3129 134
3139 204
6902 4
3677 21
6658 217
3306 97
795 42
1553 242
6555 112
2564 314
4950 157
3001 85
5688 1
1554 128
5786 292
2508 127
5423 193
6246 315
6266 285
4826 130
2584 215
1442 121
2747 243
4948 310
4499 306
2694 104
2371 316
52 217
1072 54
2752 210
1966 100
7028 200
5289 195
888 281
1157 12
1658 319
1569 53
4610 165
3943 226
564 170
4482 82
6559 37
334 137
6294 44
2676 258
536 122
1103 34
6894 250
4710 74
1400 209
5011 92
5001 166
4996 153
4818 285
6571 258
4890 155
3596 311
252 159
7179 90
3031 149
5314 290
6396 153
4513 89
6912 1
603 161
3981 297
3128 188
6618 10
4969 126
2790 64
928 323
6233 239
593 136
5299 272
1594 147
230 116
2098 152
6637 170
4009 147
1619 201
3579 177
3057 7
4741 70
6104 62
2597 179
7287 167
676 33
5338 89
1526 219
2385 326
6182 118
3076 97
6335 293
1043 256
3895 77
4632 49
5553 278
454 147
1937 167
477 221
4680 173
2626 316
5202 312
2363 259
2276 304
5319 200
428 222
3726 188
2682 196
2072 288
814 248
563 54
4010 130
1259 146
4519 130
5872 59
7059 315
4266 274
661 166
3487 263
1787 9
5630 59
5139 82
669 10
3913 259
5957 322
3493 96
2974 20
5287 275
2306 221
4047 126
692 256
1418 10
4037 53
997 326
4945 17
4370 174
5956 198
1474 253
410 286
2595 104
5699 223
5213 148
1252 316
4918 58
3960 316
3470 268
1562 53
4187 149
146 158
5593 286
4131 284
2621 263
1761 211
5832 86
3822 107
3736 55
5217 111
4851 252
7253 252
3532 102
3303 78
3969 54
37 269
5055 59
4752 146
5611 285
1045 120
5126 136
3798 245
5085 225
4243 16
1381 216
3114 311
2463 135
3462 213
3207 86
5691 81
7073 155
6709 110
2767 315
7104 184
2758 305
1636 99
296 163
7187 267
3260 224
7137 308
6541 121
1336 225
5758 259
5269 113
683 207
2331 45
537 160
1882 311
1256 30
5124 27
3206 276
7143 195
5898 116
757 139
4731 68
380 240
2923 62
5711 35
824 113
1378 156
5137 70
7108 198
3691 263
6096 301
5424 161
3638 262
5452 289
6087 48
6602 253
3142 76
6840 325
3441 28
5646 29
4226 74
6988 32
3332 283
280 133
4465 208
7277 94
6780 19
1880 176
5844 223
3643 36
6955 73
4551 82
5768 161
5546 151
2015 111
6852 319
1539 319
551 161
2090 6
216 54
48 291
7267 223
1014 248
1197 31
1506 293
806 147
6385 15
6392 180
2583 230
1363 94
1918 320
5135 274
4814 41
3036 323
2674 137
3660 88
3379 41
5341 144
77 160
241 113
2532 86
1300 323
6423 281
2018 285
5437 246
5981 134
76 192
1680 310
4711 216
1744 297
5020 246
2029 272
5343 215
1765 190
7002 109
6023 72
4805 201
1499 181
1733 244
4521 207
1142 92
4653 188
589 171
2900 161
5463 249
4835 16
6498 111
3841 141
2312 308
4185 299
2551 36
6199 169
4340 90
6173 67
2326 55
2057 290
5049 3
5673 293
5831 175
4377 308
215 124
5782 210
2546 145
3549 322
604 192
7193 104
5585 153
7115 145
775 165
6342 179
7188 125
3086 130
3521 311
412 99
3262 271
1503 313
988 86
123 299
165 163
6710 140
6787 235
5624 34
4614 314
1742 88
6286 134
3657 237
1123 309
89 93
6133 193
4959 150
2748 151
3581 38
947 4
210 55
1952 128
6250 219
7295 282
5256 178
5645 12
6833 292
1872 156
3074 44
3655 213
724 297
2349 232
7149 237
7095 173
863 145
5679 279
2629 275
3033 283
1695 176
2334 60
485 90
2511 180
1536 106
2728 168
3694 175
338 156
6861 15
5591 22
4026 283
4787 190
3257 105
7112 303
6061 189
582 47
742 192
3387 288
2270 287
6908 257
2520 274
2905 235
5188 5
4843 257
850 146
2566 133
6723 193
5570 291
6656 68
2333 21
3569 48
4385 165
2236 101
5322 222
798 160
1109 292
6018 92
1902 294
1276 39
1309 269
2093 141
7123 242
4402 163
2109 271
2485 308
2347 167
2131 218
6600 205
5669 324
172 253
418 38
5060 322
5929 179
5089 259
4097 80
1734 22
1724 325
2789 27
2457 221
6769 24
1726 20
3645 171
6126 125
2411 181
2818 320
1140 13
1088 113
7033 41
439 47
2594 86
4592 126
6610 247
2985 229
2438 73
6754 61
6497 146
4777 320
3216 141
1706 245
1848 186
6995 240
4766 202
6572 49
92 125
2588 293
6057 164
118 90
1051 190
5290 85
2356 291
2335 243
6078 316
5526 49
290 76
566 314
106 230
2328 270
6347 16
1449 234
1454 211
6585 75
6214 306
6605 141
1225 267
5123 59
5079 262
2887 238
4113 237
2478 25
612 280
2533 183
606 327
1877 120
1227 184
6231 212
1395 58
1888 157
4030 222
3742 117
2033 320
183 175
2996 9
562 271
4853 165
6520 112
6925 106
6674 144
2970 159
5351 189
6930 277
2145 95
3920 286
319 93
7257 255
3376 105
2014 22
3337 309
2624 178
4477 228
5767 234
658 298
2389 116
6804 258
4970 200
3040 206
6257 281
4025 81
1417 169
4926 299
4234 224
6102 269
6240 59
3034 312
904 67
5512 317
3186 317
4567 180
5947 98
1470 114
1581 207
2127 200
6570 12
456 26
4472 67
620 51
689 20
6858 94
5686 185
5298 112
3672 178
5435 189
6255 69
5457 275
3178 133
6407 178
815 101
3420 38
3413 2
126 233
3166 136
3658 206
7217 271
5790 320
1688 209
3530 37
1573 125
1478 218
5496 215
6454 216
4235 68
2283 275
5861 52
3224 278
1282 81
5267 141
6411 29
6854 163
5149 11
2182 238
1291 158
6430 290
3907 192
4672 58
5187 270
2653 243
1563 163
25 320
4536 6
305 162
3482 146
6596 180
6703 315
1169 275
1559 232
538 146
6077 92
6009 8
1754 32
5487 5
5308 65
4928 266
4039 88
5125 37
3701 16
2220 47
5255 232
5868 19
5477 38
1507 255
1505 74
2154 120
3363 158
3757 64
227 98
7040 66
675 239
5514 201
4152 58
6581 83
2529 67
1878 284
3439 168
3417 244
1947 207
2561 49
2793 169
950 119
1854 156
2487 214
1367 74
1914 43
6592 287
5650 186
5164 204
5528 280
1122 22
1955 313
5717 297
4286 122
4478 266
502 121
3091 121
6478 241
3484 249
882 209
4597 130
4697 215
4373 188
327 268
2718 285
5450 139
771 185
1814 28
1298 258
5095 273
3290 44
935 31
2526 82
2267 163
7244 77
1236 274
2523 33
6883 272
6252 38
6862 210
6849 260
7155 271
6074 285
4668 89
3885 327
1060 268
5820 112
4432 38
6204 293
1945 226
182 255
7133 249
4470 270
752 213
6402 59
5415 321
3762 249
169 67
6229 34
47 315
4986 227
4625 128
4493 209
4022 110
6106 307
5416 83
446 134
2696 257
6632 137
3950 175
2982 73
3328 157
6322 61
3329 97
2074 48
4531 194
4667 150
5392 126
5402 102
2782 136
3179 81
4498 53
6302 181
3923 14
5468 301
3287 295
2507 203
5736 233
3591 183
3685 94
4634 200
958 324
6445 163
3050 310
4 128
6957 5
1750 266
592 45
4658 184
2037 65
6426 116
110 319
2162 262
6175 1
5841 214
6783 217
4161 252
1752 138
6008 43
4561 191
1987 33
2557 47
6357 323
6461 276
5411 11
4724 241
2571 250
2281 243
5072 85
2766 282
6359 242
3113 327
316 26
2217 18
6970 175
7122 179
2261 183
5356 105
6626 26
3498 208
5685 218
2912 135
1146 231
6147 184
5730 66
1398 2
693 127
2368 155
6836 89
2303 17
4792 22
5843 51
6651 293
5640 229
1831 34
7038 233
6316 109
3097 146
58 51
3810 53
1893 98
4591 9
4352 257
4535 66
6031 1
4599 190
2295 10
4764 63
5413 245
4899 131
5330 305
3225 306
4808 308
777 303
6550 84
3684 212
4134 281
6678 123
3167 69
554 63
4321 125
3611 119
1012 161
3026 80
5805 200
2641 306
4886 218
1642 156
1207 139
53 123
3785 217
3284 244
5637 152
6321 279
837 36
4589 313
5218 255
2808 252
2073 91
6797 235
4085 188
6390 327
2203 162
1254 203
6616 220
1885 136
1717 44
1019 317
5931 145
2008 58
1753 289
2113 126
1260 253
7222 150
5621 154
2153 173
1788 292
104 64
476 43
2091 151
414 58
3557 327
5494 52
2860 32
3322 275
3824 106
1946 173
2290 192
364 40
3189 131
5006 16
1660 285
691 14
6796 291
6692 303
5719 77
5119 127
6256 48
3837 42
915 280
4476 187
1782 24
2545 183
3182 92
2628 289
3456 86
2700 268
5182 114
698 90
6180 224
5600 122
7210 96
1874 54
6630 265
2167 49
5388 248
900 90
381 57
5349 270
2277 155
3314 286
6821 279
7152 54
3399 198
4088 86
3972 23
3291 325
6249 251
1600 88
474 187
544 278
991 127
3353 282
429 184
2370 215
5313 220
1791 234
1953 133
5453 180
6857 159
6609 292
7196 242
6701 85
457 285
6226 172
6767 43
4263 196
635 304
3775 288
2975 45
1578 56
1797 142
4622 4
820 243
3570 204
2633 153
6201 165
6071 278
3776 40
4443 62
5281 280
3770 142
445 228
7079 138
4646 39
2450 254
5489 12
767 271
965 150
844 321
2699 159
3675 131
6871 171
6069 280
1713 297
6457 291
2209 278
2224 234
1975 229
656 278
157 298
1671 276
968 68
3200 297
5098 17
3217 299
3410 12
2796 25
864 283
3324 300
762 230
1332 128
514 74
2692 280
1644 197
5180 139
7182 130
4094 274
6510 73
6448 292
3983 311
4655 235
5057 116
4464 165
2817 128
6583 7
6215 248
1870 37
3085 191
1401 3
5270 264
1490 114
2178 103
2310 130
5268 63
5284 313
2879 188
4702 75
3345 140
3718 97
5407 150
7012 254
3855 257
1065 290
4681 315
6595 83
4725 315
5565 87
652 218
629 196
6293 309
3866 325
27 287
2869 192
6120 192
2490 289
4281 31
3411 195
3979 186
2396 36
1949 326
1572 83
2638 145
5738 224
1977 227
515 171
3881 90
2603 118
5184 30
2504 118
3698 8
1819 78
345 181
1741 234
5244 239
7047 323
1031 227
5209 324
4034 158
4703 253
356 212
6725 300
548 97
3602 258
6475 305
4080 43
4342 174
440 313
1540 75
6132 67
7061 62
2168 273
4344 146
2677 307
3038 233
1465 2
6309 243
3561 20
173 316
7252 28
3370 130
1676 282
2437 51
2867 303
7249 158
198 19
5921 43
532 272
5017 298
1646 190
5992 72
5422 83
4809 28
4793 255
3030 234
3059 167
5190 183
3717 273
494 297
4099 180
3661 104
3554 147
4401 289
4935 227
6128 272
4971 143
2855 36
341 202
3311 75
191 196
2509 204
6499 269
1511 248
2797 296
4205 312
5272 91
3707 153
7201 231
6076 15
1492 201
6536 167
6719 234
3341 156
5967 194
6742 131
5678 100
4695 134
4932 31
911 169
2156 90
5510 311
117 161
4889 27
7293 125
673 243
3781 11
6004 260
2459 42
545 37
876 233
4720 83
2965 271
6241 34
2819 18
7161 34
3835 227
1280 122
4707 261
5706 177
7103 320
3847 232
2669 218
6792 253
3053 303
6916 73
4014 73
541 1
1491 232
7191 262
1026 263
4171 47
1640 180
987 74
6101 17
859 155
772 315
5009 213
5757 148
4870 303
7224 40
4571 265
927 11
5226 90
2163 275
1337 60
3298 308
2820 212
23 285
5099 145
908 204
5406 40
4404 100
4692 60
2247 162
7164 171
2859 198
3081 46
3576 228
5140 134
1847 23
1824 95
2054 202
2534 62
2191 98
6268 221
4684 255
4923 115
4964 175
3584 220
2995 301
3010 226
1322 67
3609 139
481 58
448 127
400 226
5516 288
2722 137
4220 273
1586 27
6697 279
3419 244
5709 288
405 13
2708 95
336 31
1973 105
3412 293
4911 180
6024 45
4324 300
6114 316
7056 168
1943 39
1570 317
2394 155
4096 276
5548 304
3174 274
986 75
2177 89
4107 138
2779 257
60 234
3985 39
3625 132
4713 40
7200 181
6744 261
5131 227
5813 59
2465 212
5891 287
6942 231
2888 111
3710 304
4523 169
2788 180
3768 150
5042 84
3808 188
6518 289
6247 37
5480 149
133 6
5590 310
3446 139
5061 154
17 77
2777 294
1425 139
139 182
1979 318
5884 167
4527 141
1397 307
7258 53
236 167
2222 6
6305 3
2095 191
6038 221
6212 254
5288 128
6964 133
1714 221
4892 205
1584 105
3125 68
2381 326
490 62
6700 184
6015 147
1027 205
2366 320
4791 115
3172 118
4330 325
6337 53
6564 106
816 286
4876 63
701 101
67 43
1438 91
2456 8
140 152
2573 208
4577 279
7220 176
5747 299
5367 286
2496 91
4606 302
1720 79
5918 88
1915 212
5750 259
1024 42
5838 175
6972 153
534 11
7151 41
5735 85
4469 259
6253 281
295 170
6588 274
1007 110
5836 140
2866 242
5368 179
7043 18
3889 274
5063 277
3506 27
6442 39
3831 195
5817 116
3210 137
6875 265
2059 283
5199 167
516 186
4259 253
1010 129
7045 241
1409 95
6718 50
5082 272
6622 111
4516 323
4644 275
3289 14
5231 180
31 223
1463 205
5657 44
2024 265
3049 91
4089 108
5682 87
6889 4
1763 287
1082 174
5283 254
4374 140
3856 52
1758 136
6437 280
1669 249
51 286
3858 17
372 6
2874 85
120 73
4601 58
6661 19
2300 123
6506 43
4507 258
2623 65
4108 108
4314 38
5729 291
4640 139
7160 206
7067 140
4609 58
2289 90
5966 327
4524 207
6726 293
6026 5
6870 200
2884 231
804 151
4820 134
5052 253
5490 61
3783 214
4153 117
3925 174
6994 262
2094 322
3548 57
803 121
3196 134
1448 192
135 222
2941 195
4201 40
1352 90
4977 247
6760 284
5114 276
7117 2
6328 186
1331 193
2542 319
1193 257
6444 3
3204 70
6545 58
6494 135
1614 41
3563 91
1441 71
3362 206
3238 274
5574 135
3169 178
26 147
5274 96
383 9
281 279
2625 274
1016 312
4824 195
1629 123
222 68
6306 323
2590 268
4441 247
5360 273
4282 1
263 19
3874 156
3491 5
6386 180
1656 43
1295 275
1009 72
1457 100
2535 244
7192 270
2930 21
6746 83
811 97
4086 2
4648 126
2491 137
1626 259
5847 135
3407 288
181 120
444 245
903 11
5776 247
654 312
3473 163
1018 113
7114 304
4354 167
2498 2
1974 262
1195 233
5425 244
5396 294
4642 235
5461 32
6915 2
6303 207
2494 37
1228 92
5462 170
3371 34
4119 241
1194 132
2886 132
4497 89
3606 48
7256 68
2251 22
4975 191
3213 300
3793 3
1590 323
6919 247
3593 203
6504 57
1396 8
3466 128
258 221
1913 178
69 216
463 31
1962 291
6898 13
2744 284
5024 33
1224 90
7233 150
6341 240
2339 52
531 242
1210 96
2155 262
7263 269
4637 153
1240 42
6021 299
2367 281
1375 169
3409 269
2421 73
996 222
831 236
1361 15
5639 322
6562 130
5083 185
2067 15
5071 248
1341 35
1368 242
4879 282
4003 60
5086 62
4299 159
4504 175
4459 232
7035 23
6405 161
5096 96
3488 264
5964 254
5454 258
4999 93
4391 267
2852 154
3352 113
3690 35
3364 87
411 296
5615 301
2413 122
2280 26
912 128
3330 207
231 134
268 2
6755 249
1049 321
1998 254
4110 57
4112 180
5285 257
2563 179
2627 326
6142 266
3823 269
3288 216
1625 102
2282 77
1548 239
3843 80
6163 55
5770 325
7183 300
6650 194
6086 84
1992 160
4021 200
6228 80
895 84
1954 36
2593 46
7018 276
750 128
5483 320
3551 311
5799 211
6779 137
4715 300
2232 94
3504 281
2442 154
546 212
4916 151
4154 267
4866 107
7264 62
2948 311
1950 309
543 221
4301 275
6149 160
1565 235
108 93
7049 18
1530 170
6012 206
3197 38
4348 117
5609 189
2690 60
5696 180
200 274
3850 241
6781 313
710 225
2481 90
5726 181
1679 202
147 45
1143 196
3098 94
1698 237
2474 57
3107 158
2430 222
1703 323
2436 150
5442 221
4811 117
6847 227
3599 122
4069 195
6254 48
1306 172
5492 199
3408 271
631 15
138 91
4450 193
4268 99
6154 82
812 275
759 149
6835 268
3366 218
5629 155
5168 219
7085 325
5161 287
2013 150
6820 130
6298 49
2928 4
2878 182
664 284
3316 74
1628 110
2971 22
845 55
1253 238
1104 73
3642 84
413 146
2020 35
1684 40
5811 312
5549 311
3060 93
2611 13
3715 194
329 154
671 224
3933 254
3812 317
668 9
6759 266
2737 261
3264 226
657 150
810 236
5672 292
4140 49
175 61
6771 207
4159 224
6976 2
2578 307
2087 158
5897 312
1029 176
7048 64
3988 135
5525 170
5864 123
4626 236
6811 305
7237 302
6543 276
2214 72
3733 267
6137 236
6604 19
1857 10
7086 318
5733 246
4356 237
2813 159
6736 112
297 260
5419 311
2807 287
3496 21
2319 298
294 180
3745 175
199 258
1710 70
6136 296
5409 70
878 34
4001 103
4574 246
6987 211
6828 30
5850 106
2907 87
3744 204
4466 283
1739 307
7259 280
4211 79
2992 283
5293 252
1011 306
6160 305
6213 207
6644 267
6489 209
2762 194
2351 244
2489 11
7271 303
2663 174
6768 181
4604 223
2141 148
3138 32
3712 47
4511 85
442 135
6777 216
4582 81
2171 44
1138 41
6695 321
5997 286
7107 132
6479 299
4313 11
4426 278
3917 184
4983 127
5940 135
2225 322
6138 102
7100 202
5980 301
3084 254
2540 55
3825 210
2921 247
3673 267
3105 274
2731 269
5670 20
855 259
960 228
3075 154
5439 277
6455 168
4289 291
7090 151
7148 226
6048 257
6184 105
5652 18
6803 181
3520 136
4126 280
4302 80
3914 31
2575 101
4092 163
7138 48
3219 25
5169 12
6382 65
4539 282
4549 325
3374 188
3143 149
3501 160
3386 74
6599 255
2656 220
5484 289
5428 250
3814 180
4570 62
4946 256
3516 158
4769 136
6460 33
97 22
3953 129
1199 44
228 167
1459 63
6552 98
1281 214
3896 287
1861 149
1139 34
3 243
1862 69
2308 196
1002 27
2559 138
4194 117
143 154
5909 132
2066 325
4538 117
3930 153
6443 21
6271 102
4839 181
3954 147
308 78
1608 12
1766 117
1472 230
5915 234
1681 27
2497 152
7010 183
1156 65
6205 228
7169 97
4347 200
408 294
715 42
262 185
1566 232
614 237
4178 15
4747 194
2117 311
223 114
856 307
1907 320
736 70
2783 298
1204 325
6346 309
3384 204
2587 102
1982 93
741 188
3170 278
24 170
4739 255
3945 55
1068 7
682 18
627 295
5937 181
3963 272
1048 5
5557 236
2689 101
6648 120
3748 251
1545 304
5078 30
2130 144
2173 293
3188 218
617 227
4560 221
3819 113
2904 135
830 125
4547 308
943 59
1324 5
2525 208
1211 195
4735 322
3367 199
3308 120
4830 83
5379 54
6937 107
1257 183
6361 84
3015 261
7231 208
2133 66
764 253
4111 164
2976 232
377 46
3508 269
3155 299
3195 87
22 180
5518 90
766 282
3203 272
6872 35
3803 107
5538 274
571 277
6151 235
4193 34
4431 182
128 205
758 2
5333 20
6866 319
2984 311
3952 87
1707 217
4931 114
5656 172
4663 229
6667 105
1884 236
6297 222
4376 197
2843 302
3706 34
5059 215
2215 175
1700 264
1066 146
1827 127
2518 171
4190 28
1173 226
5116 224
2135 163
6333 168
3517 130
4927 255
6999 92
2955 246
5746 176
3153 8
835 131
3458 124
2750 235
2753 1
5874 292
4696 318
540 92
7173 188
4563 302
1062 214
3908 118
4018 318
2316 106
3253 285
5025 315
2932 49
662 204
4987 150
674 81
4412 1
5633 49
3305 38
3921 53
4819 40
374 20
366 67
2806 79
1579 266
1251 303
5667 204
3052 182
3268 46
6517 304
4331 197
137 203
957 303
3528 14
34 230
3251 324
3269 227
2068 67
4232 34
7204 317
5323 176
3394 171
4733 138
5337 78
5908 214
3535 2
5779 268
842 171
2172 246
3137 137
5148 254
7221 287
6325 297
4630 310
7275 82
5569 159
2408 229
899 55
6505 37
1212 48
6174 184
1067 93
1655 243
3382 272
5408 287
3727 127
4032 203
2686 119
4780 255
2042 134
1904 309
4575 167
4408 234
1853 242
4247 109
6624 198
6659 25
901 210
2589 321
5718 89
4506 210
1883 324
5245 276
2081 137
914 282
6614 138
4273 250
6331 84
6171 317
6155 105
1708 107
4883 84
5617 104
2311 112
2738 184
982 216
1102 46
2428 20
6921 80
3955 324
7052 207
5542 69
2433 25
2202 316
2664 272
62 200
5242 224
6932 24
4312 145
1022 6
4242 105
1621 215
1359 266
4434 23
5432 256
6739 217
2101 102
3948 240
1489 127
702 288
2273 193
2360 76
4043 296
3349 272
1384 215
4179 163
634 216
1090 240
1405 249
2426 124
3146 125
5353 77
2002 55
4887 316
2844 210
6003 112
2286 102
747 314
4727 195
7158 187
4172 228
6323 300
5444 118
274 81
1737 24
2755 5
728 50
5660 289
6140 58
149 137
3312 319
1735 265
2486 196
1919 188
3526 197
4065 27
3177 206
6275 41
4087 131
3998 120
4880 225
353 199
579 124
3469 259
6452 256
4008 157
5941 64
1335 252
6887 14
1351 224
1075 207
1304 9
2956 303
843 9
5555 311
3478 78
5818 141
4093 95
493 216
2475 55
1443 233
624 141
71 171
1126 324
1772 75
6913 167
2432 179
5044 127
354 189
5603 38
171 2
3869 57
3215 66
206 163
6153 204
6112 122
5749 184
6354 4
2039 121
4158 90
5401 35
1712 108
7145 320
6219 51
6524 85
390 114
127 221
286 313
3811 107
12 165
5599 183
1781 76
1038 28
213 19
1596 65
1034 319
3595 256
326 58
5331 34
3163 304
1185 189
2824 90
6210 188
961 167
3771 83
727 293
6502 260
5541 274
278 39
3633 117
1167 293
994 38
3778 190
717 146
3145 310
3159 6
3318 15
1171 230
3451 120
6083 101
6259 155
694 188
4804 271
2102 30
4398 118
512 171
3181 172
5264 191
4704 21
3474 82
2729 306
6856 109
1231 54
357 198
2213 100
6732 165
4884 299
4415 116
5016 241
2375 72
1770 236
591 305
4326 195
2585 173
1464 31
4349 58
5344 197
5814 15
1597 92
4806 266
6242 171
6045 74
6239 195
4081 232
3465 37
3338 223
4221 5
2325 294
1906 177
6474 71
5698 83
5936 230
6708 299
330 317
623 30
3510 20
1455 158
3522 312
4740 59
1111 14
3760 28
3918 194
5228 97
2034 100
3583 20
6080 20
5631 261
4379 302
2228 168
2088 269
3359 146
4802 151
7243 215
6810 294
5934 54
1274 301
5201 232
4267 152
3527 1
4173 205
2565 313
596 243
2822 147
1822 110
6267 279
7142 174
1838 290
3118 228
2410 184
5503 110
179 122
4534 258
2644 187
3266 269
2022 213
1044 274
5773 204
6001 189
7072 244
3140 78
7037 311
6973 22
2614 83
3309 35
6521 170
5775 183
1213 244
4355 270
2278 54
103 60
4779 235
5551 271
851 8
6490 155
1390 267
5216 18
4219 96
5133 95
1991 234
1487 136
3494 104
4169 109
2397 317
5594 181
1196 120
978 157
4598 254
916 26
4617 245
5794 309
2988 221
5576 179
5676 143
773 157
6383 228
5960 62
15 86
5204 326
4105 145
1383 45
4013 41
5451 169
1176 314
6513 281
3827 215
2619 312
6334 154
7214 39
3608 294
2586 106
5167 40
4619 53
5390 249
826 61
5366 247
3572 81
790 173
4319 292
6702 47
2250 284
3618 103
6906 233
317 159
6696 99
6352 48
980 279
874 307
2484 251
785 260
5109 165
5610 90
5563 98
2936 112
4151 96
2969 18
375 93
1525 140
858 171
2417 254
266 152
7281 102
4583 284
4207 1
2939 19
6903 280
2424 26
4530 258
6791 137
2495 7
4954 197
5797 144
6471 203
2060 229
2712 148
5999 102
3688 91
4858 176
6662 172
5418 188
3354 2
1172 247
464 278
5372 308
6789 287
3696 127
1756 14
3769 240
5258 265
1152 318
4816 137
6143 74
4186 171
7266 154
7260 63
6419 283
1657 290
3565 154
6481 199
3860 184
6349 227
467 127
891 247
2837 239
1863 134
2425 3
5858 297
3295 13
1849 165
4847 119
2415 3
5246 182
4572 272
6910 263
6384 20
4341 3
369 213
3518 18
1130 144
6320 154
4368 203
1551 91
3079 79
2601 55
4262 245
2854 270
6441 85
1591 171
2864 138
1845 3
2604 313
5648 20
5604 200
5923 224
2471 180
5511 154
1202 195
2043 225
5156 86
5509 18
5763 128
6961 177
2610 161
2938 316
4751 322
2265 53
6645 60
5093 236
5893 188
1004 52
4486 273
129 232
162 262
5417 69
4797 42
7174 98
14 326
6336 291
7039 26
2554 161
3735 147
2880 45
4922 258
3702 31
4357 46
6621 260
4227 45
6950 169
3901 206
2934 184
4414 239
6763 283
6990 315
388 237
3205 207
5206 273
6731 242
2142 300
2730 80
3654 134
4359 149
2802 222
5626 260
4294 297
2052 294
6464 327
6380 13
2179 98
4956 33
7168 173
6832 48
6808 273
561 89
3620 210
678 271
2981 258
4206 250
6432 68
2446 213
4191 44
4774 7
3571 62
5495 282
5825 170
2309 307
1834 112
7205 268
3279 4
5295 320
2794 246
1013 62
5238 114
2253 154
250 62
6279 220
6188 323
5697 105
4838 225
4214 77
5835 234
5038 190
1939 10
5183 229
6196 75
605 293
1921 103
1779 275
5474 59
2321 149
6202 283
1923 263
5212 54
2847 326
6826 291
2506 222
7139 180
3919 52
4239 13
2231 194
712 177
3802 183
5875 310
2702 58
2713 142
5737 115
5007 146
5608 137
2967 8
5145 107
5013 239
1856 56
1285 201
2079 207
2297 37
7223 197
2816 270
3013 19
3320 119
385 115
5784 320
6232 240
5527 278
3514 27
2274 161
5529 238
6064 95
4750 60
2120 185
6029 22
2743 184
2673 149
2400 267
3005 90
2472 61
5346 244
5210 158
3852 21
5912 116
3229 118
4580 301
4691 223
5812 189
4375 178
5971 19
3722 11
130 95
1668 216
4132 167
6484 136
3062 270
6511 12
4334 90
1105 52
3392 199
3940 79
6376 116
716 131
6418 41
4730 22
4278 138
1774 238
5488 233
2592 28
4643 133
3011 326
6007 21
3816 81
5286 211
2078 21
5659 188
1795 60
6752 305
5233 211
866 85
1475 243
4992 107
4307 272
2387 71
5324 281
3787 32
2069 107
2488 105
1147 223
6167 103
7246 66
951 39
1166 210
2418 300
5635 206
1101 32
2993 278
4951 43
5067 213
1078 152
2483 19
6782 36
6364 272
1264 252
2305 58
4265 311
4600 95
1571 195
3600 241
2076 300
4456 74
5587 175
195 84
4807 281
1414 284
5781 325
1170 232
990 118
2877 249
5291 275
5866 246
796 249
5800 146
1702 296
2036 89
4671 231
2659 75
5172 74
2785 214
1697 243
3664 30
5010 195
3385 14
6542 316
3293 141
2964 113
505 180
6283 190
1272 158
7156 267
1269 95
7031 12
2681 187
5816 314
1279 26
4372 219
3403 236
2169 204
7209 173
1316 270
4437 307
3838 239
1996 83
5829 122
4801 43
4125 171
4974 59
3968 24
6122 119
80 173
2132 50
3445 40
3388 180
5132 236
5734 282
5101 6
4160 217
4487 15
6705 232
6429 196
3773 290
1749 256
5508 16
343 233
3065 237
4908 124
2810 113
4612 151
3725 130
3475 8
6039 186
5280 128
5485 223
5334 155
5819 203
6829 12
7024 11
847 219
2719 57
5192 194
1235 124
2834 88
3348 143
4091 72
6339 222
4315 82
2937 273
4669 101
5740 63
4718 67
5260 9
81 165
1095 226
1366 308
7140 81
5807 72
1406 26
4204 178
7062 71
248 303
892 267
7208 278
5543 196
1030 37
594 290
6243 121
6379 93
559 175
7144 186
2125 80
1177 84
5375 256
3132 250
4579 244
2404 89
6814 90
1356 77
5987 211
136 54
7292 72
4383 103
2721 161
2100 235
973 323
1780 155
3780 288
471 300
622 258
6591 205
948 256
838 255
877 297
399 79
2317 108
4861 42
170 36
132 102
1601 155
1358 241
4332 321
1731 41
626 183
2248 143
4770 12
6756 172
1338 128
4594 81
6422 42
288 36
5988 305
6945 220
4988 290
5315 26
3110 16
5990 80
201 295
3902 217
5441 20
1989 113
6549 163
2028 298
4670 103
1638 143
7083 47
6162 196
4369 262
4240 106
1329 320
3555 9
185 243
4722 66
6807 172
6176 125
5951 180
1860 277
4636 61
2773 144
3432 268
1283 241
2634 2
4308 304
2842 61
1205 106
1924 25
2787 311
2986 282
450 237
1627 196
6217 321
4264 166
5465 75
2515 100
4382 189
6472 34
6515 256
1155 253
1057 194
4115 38
1692 46
5755 105
6526 2
347 125
6574 214
2769 321
5764 38
393 43
3228 159
5186 144
6262 24
1032 279
1932 287
1389 59
3875 22
1802 3
1203 323
3651 72
4982 149
2064 87
4269 33
3233 238
1728 238
6317 207
4812 176
2287 221
417 109
7120 4
6195 208
1277 189
2863 12
4446 313
6434 25
827 188
5901 256
7076 204
2896 22
1808 108
386 251
4035 265
4421 218
6606 294
4885 194
6794 47
1811 228
1294 157
4638 225
6421 70
1308 231
3942 234
1842 61
7053 72
6332 44
3300 194
5760 53
6148 146
229 44
186 123
1215 92
5887 23
6348 294
3464 148
3587 38
7063 82
3946 115
5777 38
557 115
4363 202
2445 325
2116 72
3123 111
7081 129
805 235
5138 105
4738 315
5519 251
2801 80
1696 162
3176 207
4909 247
527 101
5618 157
4309 130
6265 5
1183 88
1911 216
391 317
3877 78
6838 246
4557 295
706 103
6248 312
1985 320
4425 298
2959 171
3214 259
1844 299
6183 260
5722 258
5982 208
3665 226
4788 148
6108 165
1393 200
3863 236
6062 21
2354 147
2053 292
4270 276
7206 154
2963 68
1429 36
3854 219
1198 102
6066 231
3106 76
3756 303
5675 51
870 123
3393 18
6827 170
6761 264
1810 249
4253 215
1315 131
3175 176
3450 193
2181 259
4748 22
2429 184
261 284
4436 274
2336 119
4445 41
3767 31
2553 13
5252 133
2945 166
6274 137
823 165
2684 137
705 69
1347 43
65 189
2552 230
5090 286
5913 40
5232 39
7154 32
2114 22
3573 108
3158 147
5713 304
1792 145
1165 136
1113 148
6634 246
3375 86
5459 131
4155 324
4280 254
6063 193
5867 78
4031 250
6963 17
3891 266
1437 319
4174 296
4059 189
4662 124
4901 85
6989 236
5130 54
6362 50
1486 180
4712 289
1345 307
2524 294
7282 140
2931 260
4863 258
3340 289
5102 261
3615 78
560 306
379 192
4350 12
6468 178
822 254
168 217
3024 24
3335 46
4958 67
4584 317
896 162
486 205
520 172
19 237
4919 240
6235 197
2352 317
1234 37
3515 242
643 231
3247 168
4907 69
2139 22
2444 263
4762 312
3833 77
3027 322
618 247
4244 190
703 34
1086 207
5856 92
2826 184
2957 65
5588 327
5056 169
818 103
50 152
5311 318
122 229
4288 159
1046 171
2933 145
4785 305
4936 134
5671 93
6278 14
1497 258
271 234
285 215
6414 141
1385 42
91 263
2901 228
325 164
971 253
906 142
151 187
1767 101
768 44
6617 234
518 61
5438 23
7239 300
860 80
2001 17
5357 15
2121 112
7006 179
2243 206
5517 260
6399 112
5573 43
2608 290
4217 207
4104 95
1162 35
6954 231
3592 17
3982 206
6956 5
6187 134
189 322
6312 17
5364 187
5469 307
2514 145
2045 11
6869 308
6049 98
6367 36
1721 69
5276 135
5458 149
1360 191
6860 303
6420 33
3984 139
6579 302
6370 182
2538 327
3900 128
2946 154
1546 102
4291 290
4856 88
1687 303
1852 195
3226 33
3806 87
523 62
4755 149
102 169
1659 117
4064 146
5789 222
6720 218
6072 48
1028 227
2194 241
480 163
609 51
6639 23
6716 136
5793 32
156 271
6597 241
5804 36
1117 7
1859 116
660 147
1564 134
2464 7
1994 33
4651 276
3277 240
4882 1
333 160
4746 260
5647 56
3743 249
7003 11
4745 199
3044 102
4894 301
5502 214
681 326
2660 130
6824 242
1116 283
7136 318
1665 5
3540 207
3449 238
6893 15
272 35
2501 41
4058 181
7064 326
5852 133
5703 307
6909 42
3813 146
187 298
3240 65
5919 194
3765 298
