1000 591
183 118
201 349
9 449
744 477
105 435
524 516
127 252
624 526
441 30
633 528
666 8
772 107
642 117
767 108
738 49
658 585
208 188
808 60
754 73
914 177
488 231
50 266
272 452
101 168
732 114
317 54
993 282
813 43
74 277
148 258
805 40
149 258
269 435
456 35
252 214
678 511
644 221
783 353
213 517
370 57
412 520
766 39
128 235
106 499
851 124
946 422
457 160
344 446
570 21
716 80
294 529
43 284
311 362
820 377
792 116
527 363
159 107
917 591
156 78
123 89
725 368
257 450
604 30
80 165
932 115
538 275
124 73
415 108
785 102
481 79
426 545
988 172
777 350
324 237
271 414
71 238
463 495
366 574
241 33
718 361
871 403
966 136
780 491
307 180
411 202
235 236
253 141
300 83
332 328
549 30
832 166
529 335
935 458
435 302
715 134
339 170
114 327
670 316
89 541
483 498
328 411
680 158
91 333
14 338
583 571
350 511
873 329
692 352
882 136
108 425
938 524
546 74
133 16
188 264
502 27
329 201
656 381
458 8
760 330
511 586
469 280
940 232
312 110
244 519
920 189
599 525
379 17
360 220
996 540
396 444
516 478
612 288
673 274
28 441
45 155
891 103
728 138
804 82
580 574
314 85
200 39
168 513
702 104
900 361
904 375
489 583
190 443
59 187
398 291
637 576
451 79
151 31
83 400
342 542
219 546
182 182
444 61
402 519
53 335
626 307
440 587
690 291
341 428
222 502
634 517
631 434
799 417
509 243
197 444
251 47
78 203
460 213
810 323
15 335
274 497
977 533
931 545
135 372
195 526
741 145
387 293
976 129
839 163
254 189
388 471
591 558
476 102
184 52
981 280
389 107
663 216
407 313
762 221
371 226
802 97
662 264
745 518
296 506
796 49
273 230
499 46
25 444
85 426
651 81
397 78
779 222
285 287
277 338
806 84
75 277
523 203
836 535
877 159
817 212
595 231
563 110
519 474
399 11
229 506
79 16
784 90
567 591
1000 550
831 242
528 190
204 179
431 11
517 122
112 22
96 100
424 215
298 284
723 87
374 394
929 262
700 274
834 193
971 275
239 112
809 123
564 444
405 67
875 11
259 478
572 508
250 484
207 95
721 376
144 357
434 505
468 186
113 355
790 143
641 453
326 212
618 189
465 527
711 300
531 582
261 552
110 28
436 256
840 412
947 27
937 118
827 507
93 552
384 506
501 406
601 347
726 572
865 455
60 108
764 458
671 462
587 160
428 443
941 163
730 417
615 340
40 54
712 349
532 475
950 482
382 547
847 192
821 376
659 54
635 501
139 287
232 361
31 505
292 368
679 117
686 517
372 34
44 560
887 580
948 398
142 26
427 547
255 134
293 243
812 553
710 12
179 232
170 286
562 591
980 283
879 582
145 423
688 486
841 203
286 498
581 160
657 13
29 591
632 420
773 402
522 471
72 48
664 478
504 547
438 189
408 518
724 266
356 393
609 347
585 159
829 345
919 149
103 414
23 460
320 424
708 164
433 362
12 186
173 203
49 320
548 343
814 78
668 263
335 390
965 171
734 281
459 94
596 22
448 515
660 238
245 344
990 276
333 212
694 195
2 565
406 558
864 530
275 309
544 285
181 408
845 255
949 84
811 25
697 479
63 168
446 406
569 132
793 379
482 201
675 170
33 567
297 312
346 289
162 404
939 516
368 376
264 251
849 360
221 365
908 351
794 447
508 201
315 395
147 302
224 428
497 371
974 313
353 169
321 106
625 545
826 160
722 226
994 13
325 521
778 257
969 140
856 483
256 139
944 303
850 263
800 290
782 414
304 446
231 519
140 535
354 76
901 157
410 409
289 162
268 478
165 92
367 198
32 543
474 45
661 1
682 411
649 460
758 264
857 182
575 110
260 158
925 83
226 491
703 264
265 543
1 298
926 389
228 239
30 584
848 529
301 70
653 479
749 247
571 12
964 182
442 287
542 143
26 329
553 436
413 88
975 522
551 408
556 8
822 546
445 418
303 79
62 555
872 103
104 206
81 432
867 141
137 384
70 507
404 99
959 426
537 30
676 104
768 274
143 525
906 378
217 30
707 18
962 539
798 496
385 390
890 230
909 255
739 132
242 408
68 374
390 482
683 480
65 340
392 228
603 121
94 83
316 20
152 395
916 573
757 129
719 184
64 98
933 382
192 81
443 338
258 119
486 171
355 74
130 109
868 79
600 483
494 137
535 309
801 174
818 462
669 556
896 395
602 387
886 539
161 94
526 87
21 379
636 45
249 513
380 425
552 202
126 498
967 92
246 57
771 208
52 462
584 218
982 306
838 95
391 93
620 487
117 337
912 44
983 583
927 468
349 246
131 299
377 437
479 224
134 57
348 353
705 144
922 397
340 278
16 458
550 458
223 423
122 344
677 36
375 429
230 46
290 87
493 456
11 392
915 476
449 498
203 157
84 441
364 219
8 377
518 264
652 539
322 240
41 580
422 248
153 475
787 174
924 190
597 583
347 302
761 28
759 581
125 348
180 129
206 377
98 416
337 233
555 323
934 68
594 287
47 514
667 530
895 190
177 38
648 195
466 388
416 393
247 547
945 286
630 406
13 347
999 476
115 139
163 551
288 181
310 252
24 387
963 470
588 278
956 466
998 66
365 177
557 400
22 254
755 46
17 340
684 245
266 433
18 116
984 272
506 488
860 590
775 310
263 536
394 464
363 25
709 546
898 329
283 322
240 142
39 206
689 416
237 363
90 95
330 359
146 568
336 435
713 125
150 327
978 375
846 487
568 37
116 90
888 564
830 237
590 214
401 415
646 554
883 340
107 288
334 528
968 318
640 81
55 270
383 59
520 561
409 176
378 486
991 313
212 250
352 386
99 13
319 473
835 230
462 109
655 393
82 268
287 355
880 3
97 493
234 27
278 557
514 52
907 288
866 530
953 498
209 165
403 482
717 221
158 553
111 81
859 158
452 483
471 349
985 2
359 523
720 45
425 572
616 393
995 114
605 240
905 19
765 322
592 287
955 161
295 178
789 333
736 330
77 167
48 341
369 449
740 465
607 176
357 84
952 12
918 203
58 339
560 116
429 215
743 574
844 253
878 415
733 247
467 226
400 79
714 338
210 538
815 107
73 75
42 32
753 77
638 154
5 56
61 353
218 5
194 391
954 413
37 452
534 345
943 417
629 486
589 352
729 568
763 168
837 53
178 46
119 360
189 354
393 236
419 70
54 521
554 235
606 365
819 424
987 80
386 19
215 476
795 203
51 185
343 15
313 565
861 569
752 404
176 66
485 472
34 162
331 256
610 278
889 154
318 20
220 581
643 476
66 77
911 395
942 380
57 361
477 436
276 263
781 378
899 379
617 229
447 78
423 319
665 31
362 424
913 258
327 384
95 503
361 497
306 250
432 490
199 505
351 225
776 12
731 221
701 203
284 357
345 456
894 176
505 243
936 192
464 507
186 471
487 102
791 354
373 117
417 437
472 548
279 98
291 54
997 452
621 337
530 253
622 401
885 354
992 197
960 407
853 118
490 55
903 55
513 86
578 531
623 376
533 38
478 149
491 99
450 528
672 159
187 332
88 247
86 8
160 514
421 209
586 177
902 13
545 288
547 269
102 301
823 40
480 42
136 422
858 501
892 315
376 177
225 303
280 503
120 36
171 476
238 474
674 181
138 544
863 272
395 56
205 512
92 175
973 485
35 206
233 318
498 42
536 99
141 294
299 525
961 390
248 108
627 547
338 356
154 503
854 4
262 230
496 412
582 223
495 194
727 538
475 250
750 199
647 276
693 413
281 195
833 342
439 114
699 427
989 443
774 81
881 324
769 268
515 365
735 591
698 229
876 567
202 278
282 274
930 6
957 232
503 538
855 543
852 67
870 453
691 77
579 373
69 82
824 5
786 210
921 375
986 59
118 550
770 3
874 94
842 420
923 453
193 339
198 255
6 225
358 490
704 87
558 341
305 521
696 239
972 130
4 335
611 293
685 504
593 296
825 269
746 466
38 360
430 3
484 488
979 318
157 157
309 216
167 331
748 94
788 331
566 545
843 75
751 311
619 447
454 116
525 353
420 271
507 398
893 245
27 412
807 547
473 156
897 526
185 321
174 372
211 150
76 86
20 371
510 208
109 5
816 483
461 221
437 371
543 456
559 534
10 101
227 419
614 82
576 429
46 166
565 411
512 312
169 150
19 353
803 293
308 96
951 304
687 46
129 166
573 533
613 244
737 266
470 125
191 205
166 92
695 303
216 39
3 318
910 474
214 209
492 482
884 402
577 12
654 445
87 585
862 482
797 575
742 26
598 167
236 512
681 545
164 200
56 336
155 412
539 176
521 407
928 142
645 360
175 481
36 76
67 121
243 418
121 589
453 357
455 281
639 9
418 288
608 221
381 351
747 169
267 336
302 193
323 571
869 65
100 330
628 104
540 311
650 259
828 582
756 272
172 488
414 405
196 1
132 70
561 556
958 574
706 584
500 71
970 27
541 487
574 508
7 556
270 457
