100 73
98 18
10 65
78 64
80 64
29 73
86 68
75 45
47 67
49 71
31 45
91 7
53 70
90 62
79 9
6 17
100 60
23 23
7 28
33 7
54 26
66 64
28 20
51 29
12 24
24 9
9 10
32 64
34 37
59 3
39 52
72 6
14 13
11 8
82 6
71 3
16 30
99 7
62 16
96 44
61 69
60 30
25 69
87 67
83 65
8 67
27 17
55 69
22 61
30 6
84 13
42 23
58 45
40 32
36 16
65 45
46 40
13 51
15 45
56 61
92 17
93 24
50 19
2 31
37 72
85 6
68 72
77 32
89 70
69 65
4 21
67 64
73 46
70 60
45 10
64 67
97 45
81 41
1 40
44 55
5 46
35 8
63 38
74 38
20 29
76 59
41 69
95 57
19 44
21 44
94 42
17 17
52 48
3 1
26 26
38 32
18 26
48 65
43 25
57 17
88 18
