8386 2567
7664 2478
4215 1254
727 1459
341 382
3678 300
5893 1835
5957 283
6548 610
146 1543
270 1003
1310 955
5044 2144
207 2178
6615 573
1571 1566
1278 1285
7941 1799
2401 1088
7926 805
6902 1555
886 478
1448 320
3201 1469
1348 1867
2752 2335
5514 350
6480 1336
7680 286
1552 1648
1118 568
7737 2305
7480 521
5450 1422
6072 2068
2531 59
3044 2533
5519 1064
6450 2170
3463 1089
6004 1415
366 1076
7711 1711
2941 612
2719 1539
3355 2437
2925 1819
6920 311
7717 378
2527 545
5012 2037
1505 2027
1322 388
587 69
5989 1335
1389 1322
2650 2451
1656 347
7223 823
3616 640
5210 1068
1081 2152
7915 1696
7852 2397
2365 1309
6171 923
1326 970
4111 1725
3832 189
4178 218
7950 710
4347 312
7639 364
2394 115
3039 1728
7502 2154
4632 2193
5121 263
8219 130
1797 2337
4684 1181
4754 567
6491 236
6051 675
1843 1312
4522 586
4056 1655
8241 1686
4314 1137
4880 2305
2085 485
4731 2340
1020 432
5206 2247
7895 624
2766 1867
2059 167
2068 2196
2498 1209
3858 1147
4148 1274
2426 412
7121 1453
7569 746
122 231
8124 629
8258 242
5126 1862
845 1462
7187 750
7796 2211
4941 2014
3565 1222
5776 1865
4168 309
449 1935
6533 997
4016 279
1734 1846
5171 1211
5226 1310
8197 2317
3549 2315
3109 1000
2588 618
6000 1338
2114 2274
4728 76
6236 413
93 667
3659 1108
2694 621
36 2106
227 747
1863 1610
5736 148
2155 2051
884 1845
5796 2127
3298 508
4526 937
882 2119
7774 1514
8285 211
6418 665
4292 2083
1864 1422
1794 1102
2417 1161
320 1528
7935 2380
2192 329
605 246
4951 2413
1499 464
8047 2026
8187 89
8111 462
3999 2094
414 88
3728 1791
3354 732
1316 214
3955 1281
4943 2254
241 46
815 1116
2169 2293
6914 290
6764 693
7476 2449
3043 1822
2980 152
5086 1639
3228 1548
7122 1710
8074 1047
6963 859
4261 1887
2132 2286
6502 903
6294 893
2745 986
1753 1782
8099 1497
954 237
2918 653
267 168
386 2442
3315 319
7052 467
5904 1395
7100 643
2218 450
1272 706
1602 1166
1871 620
8207 1997
4137 583
1331 498
4218 1599
7355 1738
2033 540
5761 566
260 1589
1785 1479
1923 1548
5945 2451
3013 1548
4633 1274
543 1622
2286 714
2679 604
2294 319
7675 547
2022 1880
3550 1293
3320 226
2529 2115
3350 1550
3183 1513
5424 964
2209 1662
6166 1368
3419 1543
928 1968
4718 1084
4289 118
1361 33
938 1973
3028 1203
2668 1745
8240 2503
5400 1974
109 2157
5719 2353
4490 2316
6821 390
467 944
5940 1547
7838 586
2863 1485
714 2278
2678 1489
280 2306
3243 757
5567 648
6554 1793
1046 1505
5934 698
7848 253
6479 2397
5127 2341
1938 1284
5512 2426
5075 1545
7821 973
960 1837
2468 1156
6152 1530
5007 298
233 2423
6328 328
6561 508
1610 2433
6800 360
694 2028
30 581
2076 1657
5659 809
263 2256
1131 2077
1555 819
5961 113
1710 1150
5291 1753
2794 1246
222 836
6359 770
6227 1821
1993 2419
5552 329
421 798
2606 376
1061 1505
8014 2004
5248 1133
5480 1433
2266 1187
3726 490
5718 2452
6517 2030
8137 1489
2573 1216
2662 359
7518 1744
7038 1113
4463 1686
7984 514
8180 1500
2439 650
190 1574
7859 2347
6504 370
1392 155
6114 356
478 809
6898 2039
2049 1054
5082 1502
6087 2436
3747 262
325 5
7055 459
3021 163
6477 718
3060 610
4766 1396
8347 1064
6428 1199
1846 598
7213 766
6720 1817
5660 2535
5565 1313
4791 1169
1568 2072
14 938
7252 1928
4623 2393
5224 722
3743 1959
5390 1974
1747 1841
6205 1671
7468 171
3819 513
8203 82
6291 1420
1683 1919
2824 1690
3930 1191
7108 2424
515 2194
2543 908
5797 63
7910 1944
4851 364
7542 1905
2055 397
5199 611
768 1751
411 120
8121 1126
7655 1584
330 46
2160 2274
4477 1056
246 2365
3981 2325
1002 1788
4747 1255
4410 1321
5324 55
2013 1
1586 2388
2593 1728
1225 2392
3781 1137
8352 1764
4769 2102
3265 2467
7773 1286
1240 992
660 2366
2899 2001
1698 1911
6769 1119
4417 2468
6521 1219
544 1718
4073 2059
2734 2554
2109 2225
4760 1190
1447 870
8342 2349
7247 122
4297 2113
7630 2037
4792 801
370 1823
2326 1839
5668 695
2387 975
3736 294
342 2383
955 326
4387 891
7250 2263
7356 674
902 1054
4301 218
1127 1879
6242 1853
6969 1657
5720 799
5681 1786
2699 9
1042 45
4518 837
3872 1620
4641 1523
7730 2367
353 333
3879 1439
2836 52
1511 3
4818 199
2849 360
1424 1227
7292 518
5635 2036
199 804
3820 1461
6793 524
7460 2099
4823 781
2921 1338
5573 2497
8266 539
7577 1936
800 531
657 1812
7735 245
2632 1286
5969 1684
983 932
2787 1070
4882 775
88 2012
3097 135
2045 2163
4795 1291
7580 1692
4107 1369
7095 1354
3166 223
2555 1187
3141 556
221 1696
2095 1153
6125 238
7837 879
8127 1328
4181 149
2086 1842
4695 1560
2356 976
3412 479
1832 2474
5376 1922
4957 798
4163 1567
2858 361
1296 1408
4644 758
2490 642
7230 75
7137 1084
3163 1450
7199 2529
6351 1170
6173 1715
1406 2177
2748 1304
5912 270
6745 1804
2819 970
463 1391
7142 2354
7370 725
7177 1769
1829 459
5156 1965
1914 1354
7283 1238
7618 2330
1905 38
7067 776
3508 2530
8201 691
7942 306
4353 1635
6522 723
7697 2133
904 721
3247 582
8244 1131
6790 2313
8138 30
2584 558
4840 909
814 1447
6422 883
1231 48
1826 1146
1998 734
4734 2208
4436 135
6662 1319
1849 380
5141 1503
833 293
6270 2542
274 856
8033 767
3251 1342
980 2247
1074 1900
7750 935
6645 652
8044 702
1557 1211
2003 2162
7709 1650
4241 778
1352 1401
307 1607
6313 1428
1524 2180
141 314
4803 206
52 340
835 2296
5787 876
3778 2119
4486 1624
8193 1733
8292 1638
3168 1955
2813 2353
3717 2395
4707 804
103 1876
6107 847
876 2163
2178 1239
6467 754
7315 544
3938 2235
7554 635
6702 2356
6301 2246
5673 1299
3270 233
7431 2264
4341 2428
4202 2059
1455 345
3630 2383
2564 2133
1532 1726
2272 107
2946 865
6602 1087
5364 1013
2175 1158
3637 224
2299 2016
569 1770
2135 1250
3960 2455
401 2096
4286 835
6512 553
4167 809
5355 1056
3062 475
2191 1708
8376 28
3705 2296
1123 2107
2581 527
7434 1200
1807 1886
3831 336
5872 1674
6448 130
4083 1208
6994 1707
3584 1054
4787 2459
755 999
6998 1126
7720 897
3646 994
1803 351
7263 1138
5714 1155
1757 2143
3416 801
538 2419
7648 334
8379 1329
2150 520
3564 1667
7210 388
5414 2090
6353 2400
1201 129
6262 494
2296 1746
1213 384
4857 2267
408 707
4556 305
6129 113
1885 2544
8158 902
7844 2417
5336 2425
5542 2412
7782 1997
1876 1116
6412 1135
6283 2077
4258 22
7306 255
3840 1267
1408 2450
3186 1450
1609 804
6876 2233
1697 112
5218 2401
4719 60
2252 48
46 2182
1203 2398
4958 999
4593 1398
4505 1373
7668 2454
4959 2183
673 1204
6112 2139
2487 2416
773 1335
2241 437
4847 1156
2744 2169
3776 467
4200 1270
3948 802
7620 11
1668 68
3230 489
571 2116
2868 1409
1643 192
6643 220
2269 2244
3575 2105
3369 2567
766 164
6375 2398
2393 134
1991 1758
5482 354
5217 1637
2983 303
2979 2284
6230 1218
6185 182
5037 1390
4988 1661
29 2261
67 36
2645 983
8060 2019
7640 826
3490 2166
2682 93
3849 2046
5691 733
1542 2292
3384 626
1800 534
3839 871
7955 491
1879 1041
7529 858
911 217
3285 2020
5278 958
3193 2201
8190 1607
7539 356
3220 2380
4716 1428
2689 1721
7161 1914
4448 558
7471 495
7510 1530
5743 8
3165 1220
4781 1869
7493 1793
2066 488
6927 1959
8132 2055
2928 847
5448 1862
2706 1942
4742 890
3547 1372
1091 162
6952 1386
6088 2386
8151 300
2611 2188
7974 1769
805 2106
5903 612
312 190
4702 2495
1161 2475
4932 695
1152 638
4460 2217
1065 1635
1770 2343
1517 284
8297 2134
5508 1792
3822 740
7550 770
6692 83
4519 1423
7185 2027
6905 37
4445 31
2642 1817
2483 635
8110 565
7267 150
1372 1709
2677 1293
1943 71
3095 796
6499 1122
119 2082
7 2541
1358 991
4887 2014
6324 698
5271 1025
4531 1280
6099 2023
5201 1497
2987 408
6954 692
2809 1087
6612 949
479 2425
7180 665
1736 1210
452 1622
5447 576
8006 335
3211 288
2133 183
4024 566
8202 1822
700 641
3899 1811
6904 982
7560 2216
5712 211
6960 1982
5971 699
3311 1610
5091 1901
7684 2340
6906 1603
1347 244
5546 2162
7780 969
7671 1166
5963 1286
5379 95
4860 2235
252 1250
6775 363
4321 1449
6037 20
3374 2020
2500 2541
404 2185
7932 249
2287 526
2007 783
3292 2311
2340 1032
3863 1236
148 762
3306 671
4275 352
6338 1661
6336 1089
7712 540
2427 391
7777 777
4365 874
3681 772
3513 2557
3506 1013
3814 238
1940 1079
2850 181
3126 2026
6624 1484
2154 1567
6062 472
1578 2216
2528 1952
3401 1709
3442 2376
7537 481
328 736
1804 716
5842 1009
5155 2547
1411 1415
7574 1230
340 1561
2636 1781
5182 564
2711 1236
4976 916
39 2258
6095 2315
4323 369
2530 1878
7494 280
4367 862
4500 691
3554 229
3127 433
3259 1069
2258 2153
3304 1633
2845 189
8184 1569
3175 1911
4305 1755
3477 1081
836 516
5770 2306
4249 2273
4259 1932
7635 120
5641 1893
5528 1727
3761 40
2009 1004
2237 2279
2305 458
2338 794
2302 478
4508 1760
5144 2097
2572 2050
6126 849
4545 2505
335 1690
469 2239
6431 329
896 828
4646 1533
5163 1373
26 2364
2390 305
7817 1436
204 2265
2602 2546
6011 52
1236 1088
6463 1045
7014 1600
6784 486
7632 813
4685 1518
2966 2411
6191 1603
3645 461
15 2003
6891 511
726 900
403 1433
288 548
8259 623
2212 1792
679 2093
8186 231
1553 242
3509 1142
1226 1266
2465 1269
2597 1282
5788 1489
480 326
1 405
2757 34
6753 1159
4359 1048
2865 1139
3307 250
1498 1731
1528 938
6494 885
7143 719
3497 791
6385 2031
4271 134
4589 1926
3169 307
2622 1639
3713 776
7882 2402
3857 2071
2437 935
3465 1159
6583 236
4040 2042
2139 1517
1981 335
64 1759
6469 1581
4105 1062
517 1328
6938 2123
1539 2015
1723 894
8348 1701
6893 839
3271 370
2493 2263
110 1931
1503 936
4244 1140
5985 922
8125 1532
2616 129
7644 1259
4812 1121
7092 1854
6117 1984
4535 651
4558 643
1200 251
4891 2398
5921 2180
448 809
132 844
2872 2108
4470 455
963 978
8018 1698
4901 1731
3559 392
1491 2377
581 225
1672 2178
1561 141
4351 661
454 2173
5228 73
1309 727
1403 1733
532 682
4451 2507
4029 101
7762 890
6158 751
663 642
4070 1704
649 1272
427 67
2869 1898
6886 2352
2219 2353
970 1513
847 333
6686 390
6189 998
2279 1291
5384 295
900 1675
1544 627
4868 16
4711 2397
1613 1499
7215 930
3148 553
1459 285
2106 2269
5693 2317
1022 1004
3375 265
7885 272
6809 1100
1493 1521
788 171
5153 193
5058 1301
2902 1483
8262 1607
3164 1390
1087 2560
4809 2447
3195 1223
6795 2458
6545 1739
594 2207
2502 621
1605 1132
6835 1912
3212 1883
8157 1934
89 1470
4284 155
112 1085
7836 727
6919 716
2433 1686
3679 1151
127 1286
5697 1074
3334 782
1086 1020
5897 2250
3427 1118
4660 1479
7015 324
5024 743
2001 318
5865 655
5515 2361
3492 346
3683 1148
8245 2321
4428 2283
8175 1731
849 1436
3953 2465
4600 1155
1778 2140
4801 1781
1312 2304
1092 635
4816 747
682 244
1874 1741
2686 1038
6768 1740
2073 919
8070 162
8073 1328
7498 1720
3460 2265
6758 1400
4911 2288
2142 2025
6247 2350
600 2219
5888 304
1701 1281
3875 1740
4848 2083
2768 1234
6699 1299
7568 1725
1428 2204
1650 790
7776 1897
2216 1915
362 2029
6819 2317
8168 1665
2601 2172
1948 969
2532 359
552 761
3647 1302
8357 114
7876 1539
4054 950
5327 1349
6048 74
153 1908
8355 1278
905 1111
760 393
5618 2206
668 2113
6181 414
8307 1975
123 1409
509 2130
3949 696
2256 336
4228 521
7405 760
959 198
3407 469
875 1325
7451 1869
1410 1919
4578 1769
2519 1744
5878 1140
2891 1069
795 1646
1580 2439
159 1476
6701 1057
1454 473
973 468
7571 505
3752 2288
4424 1713
551 591
3288 728
574 1751
6669 524
2667 1992
5965 1945
143 1987
2198 653
601 98
2773 1475
3104 2046
4694 2481
4915 2176
6219 730
5583 1991
174 2305
59 1080
1209 2116
1619 2302
6980 249
2186 317
1908 1204
367 1892
879 156
7874 1572
6386 2237
6601 143
972 23
2317 2426
7622 1500
2047 2398
285 2308
546 2048
853 50
2554 460
1918 2449
7436 307
4438 1969
22 1977
161 2481
195 2134
2032 2054
4502 1211
2250 1296
3138 1052
5643 1142
5496 1898
7228 2251
3557 1505
583 1242
19 2448
922 2190
420 656
6057 1976
7377 858
1645 469
6026 573
3804 82
4279 1852
5999 422
3544 866
2738 497
6582 1955
5616 1606
3886 2272
2717 2116
4091 2
5318 456
378 579
1028 1598
1971 1901
3615 2547
8019 1548
8334 1551
6275 362
3947 446
2121 2375
4938 2128
8209 5
689 393
4991 2324
3992 641
7430 157
7415 969
1346 1574
3892 695
4278 681
7534 1536
5858 1705
6989 849
8372 1516
2333 2172
2051 114
1783 2071
2695 947
4755 1620
210 1885
792 276
16 1050
7395 2009
4736 835
359 1217
1924 2474
7209 942
2510 1948
1313 554
789 2353
4692 1062
6014 1778
7275 2378
6187 200
4021 2253
6860 2215
2780 154
7752 1639
7515 1285
2762 427
5369 2155
3063 2513
8311 384
4676 377
8045 832
4326 1892
1158 1733
3703 1079
5459 2201
9 1783
5106 2486
1109 470
6156 1271
5385 1212
436 423
1186 2316
981 1754
4832 1959
6770 2276
2703 2014
4598 1304
2099 2523
8324 51
4817 1633
1090 1467
7726 2296
6603 394
4669 402
147 1476
3555 799
7381 23
4696 2036
8087 902
1646 1423
4838 1212
1686 730
7417 1173
3432 1623
6598 2374
5306 2158
2337 1346
1812 80
8167 884
6136 500
7495 2114
6685 2166
841 1383
2083 2505
4350 2432
1492 1141
1283 1020
2172 2010
5142 4
3129 1067
5943 1414
2944 1902
2854 2202
6546 959
4322 580
2243 647
4950 1528
6608 1194
382 64
2541 1189
761 2279
3583 2514
3139 1503
3118 246
4152 806
4250 1345
2937 791
7003 136
7159 1248
1349 1717
175 500
7376 1444
79 817
7243 1999
1975 1076
2249 2342
1934 2184
1869 1504
6766 1910
3792 1372
3094 2059
7613 2162
4666 1717
7551 228
3927 1006
5275 954
5539 937
2184 371
2681 2427
2975 1031
1479 80
8114 1622
5242 2286
5375 1413
7509 558
1237 2101
395 1509
3970 263
7044 1483
1550 1548
5937 1851
5845 1637
1219 1389
7112 20
3390 417
6043 2475
2460 2326
5959 59
2315 1718
5321 1969
2798 382
6052 1092
3190 1514
8188 651
5006 693
6142 2037
7530 2161
2506 1392
842 2353
7714 220
7625 1336
936 1115
493 2331
57 1056
5656 2296
1353 1592
1423 844
1464 183
2277 989
2892 67
971 1326
5089 2456
590 188
6698 2021
5149 1243
3651 972
3553 897
772 595
185 979
1999 165
4979 375
3051 2550
3517 721
3906 883
4548 119
3422 801
1798 392
5800 1965
3261 843
4525 1205
5161 1019
2674 1682
5173 1103
1959 1904
1877 1846
1840 684
3207 986
5524 179
7628 1187
637 1748
5716 1503
2329 1184
1675 595
5387 1850
6470 988
6594 168
5922 1538
6203 1914
769 2199
1056 2337
6574 1584
4743 841
4631 895
1677 1231
2037 498
1325 2069
1484 58
3182 872
7429 259
5014 2455
6177 1756
7257 698
5180 1080
550 1242
1260 2152
1819 1385
3966 2117
3362 2233
4512 2529
1808 1892
6274 2415
5374 2554
4480 517
3995 432
7050 1472
5340 2426
4782 140
7694 2061
396 1209
1249 2116
6221 1995
7641 425
8338 1888
1688 2078
129 1725
4204 1737
504 2027
4779 2322
6213 1550
7725 198
3016 1383
5591 1613
4510 1881
13 245
5847 1038
303 2282
4714 669
399 2563
5008 928
4101 544
5258 1368
785 1449
1266 1607
7592 270
4793 2396
2473 484
2709 605
7919 243
6229 330
2229 1450
617 47
2057 913
3676 206
3835 1976
3793 1126
8367 975
3853 2473
1129 868
4268 985
7214 332
2246 1047
7030 1694
5763 756
1944 2378
3481 1469
3605 556
6592 2141
5698 1488
8232 1462
4173 2101
1564 1872
7088 783
100 131
2708 1363
2832 900
3580 568
6228 2252
1012 706
715 1885
6140 776
498 983
4402 2023
1724 1866
3365 2413
2776 1547
5356 1151
4471 72
2936 782
1792 2429
8116 385
5198 1457
996 1484
6201 324
7186 1335
40 1030
7447 859
3500 1675
6715 1262
7851 936
630 1229
7098 1661
6149 1865
2715 1104
5169 37
4450 2548
8130 2565
4652 1427
6846 783
2805 1320
3660 1574
6577 2458
1336 1131
4784 719
5260 801
1019 491
6459 1041
6883 636
7902 248
6813 1139
2526 1461
2223 1081
6371 2488
6716 389
137 1440
7010 1667
6451 1276
5068 1446
1732 1463
7703 330
2214 2198
4697 1439
7184 1662
6224 450
2687 538
6531 1711
3692 1499
7665 666
2015 2360
4348 1608
3533 144
2938 2458
6744 2286
339 1594
6875 2491
1018 487
6642 719
7636 1999
8113 442
602 469
7792 509
5135 1876
6012 29
6363 708
4408 1022
3079 165
261 2225
6299 848
7547 636
6456 1999
2620 2549
5311 29
5733 1060
5970 2310
1556 2419
6779 2044
7947 2461
8016 545
1604 1346
4078 1255
6020 626
6120 2183
6833 2554
4563 540
2336 1981
7729 1108
3945 195
4776 1863
782 2406
4867 298
5913 1911
3958 1537
2382 1486
6357 268
5299 1286
484 2492
3760 877
603 2132
5522 484
4257 2429
3526 839
4626 711
6667 160
1290 2487
5531 1488
4196 2437
3367 1087
5715 2462
5143 2078
431 1220
4883 358
6438 507
1728 2394
5549 673
7268 2296
5915 636
5122 869
4312 1319
2159 1227
4625 2058
6429 915
2349 2009
3607 403
6253 2045
2795 779
3922 2453
7693 503
5016 1639
7390 1879
1387 983
2634 1856
5491 425
1228 438
1076 1505
7135 2135
223 517
6398 1737
8273 2552
3510 2299
794 558
5535 2168
3891 788
2878 818
81 175
7456 772
376 2403
5520 2235
554 1966
6734 1215
6420 975
4691 213
7168 1316
3807 2238
483 2464
6729 725
6443 948
5873 1880
7650 127
2021 1506
5352 180
7134 1431
438 144
7129 989
3695 1757
6285 2295
2692 2034
5928 2294
5152 2488
2370 2255
7951 1894
2907 1385
642 2342
6721 1588
2080 2347
8026 2286
7280 19
2308 1972
374 1309
7349 783
774 902
7724 1777
4582 1225
3769 131
181 413
4913 1729
508 1985
1207 1949
1393 1532
4282 167
4609 317
7741 400
5803 2225
3322 1757
3143 127
6696 1142
5454 2182
5050 1064
7037 24
5251 982
3134 1249
6021 1430
7113 2030
8374 1050
1103 305
7309 1303
1922 359
17 341
4269 1965
6180 2293
5292 955
5042 1936
846 866
8068 1049
3473 206
2765 966
8162 1584
8284 32
5859 138
1529 1667
5870 1589
7516 2194
4189 2089
66 338
2163 221
7520 1209
4879 2288
1562 1546
4394 598
3246 2493
7382 5
5898 246
3626 180
5798 732
7269 649
7328 2225
5781 642
2619 2518
1516 726
8142 1608
4102 2027
7420 1977
4566 1356
4968 1028
1583 1595
8205 1025
930 2175
2731 2067
1233 746
3600 1440
7249 2409
8218 1658
8228 929
1756 2280
2814 1498
7216 627
445 398
2733 1898
1956 38
2591 953
7523 42
2963 1365
5093 555
6806 2241
7896 2556
6730 29
3239 1087
4332 2422
5499 1302
1330 1747
2931 1258
1629 1146
734 1476
3386 852
6179 642
4072 1182
2712 192
3514 375
3756 933
232 2047
3618 1243
5762 1336
1589 2402
1796 313
4516 2437
3661 2442
2110 1349
7318 1841
6990 862
1989 2251
1332 2379
8276 1268
6555 2179
5703 107
1071 59
2600 2467
4000 453
6284 824
2894 1816
3402 2383
7913 1091
284 1542
4172 1500
5706 687
1356 68
3085 1366
1041 2494
5664 1224
5281 2165
1052 901
2454 1467
6626 1623
7221 1304
2418 222
4636 2051
5034 1311
1935 1455
6971 2277
7704 1892
2261 605
5335 973
4862 1253
2737 2006
5286 592
6646 1917
3450 260
2234 1564
6710 2255
8165 2126
7867 1678
3990 1923
4064 2119
7337 2369
188 1361
1463 1867
7988 2164
7087 96
2770 1870
4572 1961
7887 532
8332 2441
4267 728
4770 1970
8196 2352
3903 2173
5594 2273
6689 1860
8270 1389
5383 2099
5197 1157
2847 2095
2346 1159
1430 1352
3180 1716
4398 428
6101 1918
5679 2362
1841 393
1722 517
1344 2265
5953 724
7651 1590
4090 1467
1250 958
6311 94
5769 2308
5118 2411
6261 139
139 1321
3536 967
5049 1136
6094 1949
4022 2261
8289 1475
5035 115
1016 2125
7761 581
4050 107
5663 677
3034 2233
3741 1887
2547 2538
3623 1943
8032 528
5518 2099
6444 311
3777 134
3089 436
5548 562
3677 1073
4524 2326
8271 1134
6310 758
3621 2005
8323 2191
1967 2050
6559 1101
5342 1859
4923 1012
6585 173
1639 213
6320 1412
1533 1473
6878 1947
5980 140
3828 255
4629 139
1342 2120
654 692
4564 1219
7380 2357
6355 2247
7391 1016
5436 2547
3160 1670
6259 772
3748 1249
3522 1556
6884 465
6497 2054
1779 512
3722 78
7205 2511
3952 934
5398 1668
2859 1884
3737 397
5028 565
2909 2144
1394 982
7012 370
818 1317
2673 2420
1628 300
1357 566
3543 1902
3088 257
5863 1410
7319 544
5595 2395
4096 1876
5341 1243
5645 1878
166 836
5057 428
8341 2078
6489 2072
5294 423
1008 1314
184 1925
1695 1603
2829 1259
8282 2103
6743 1918
1560 2277
4309 687
5572 1955
24 286
4444 2177
5700 2425
2956 1281
1133 1724
5687 2361
743 2115
5848 317
8080 762
7959 339
3036 1741
6804 1611
5760 1798
7360 222
6671 1519
824 1341
2818 2127
5316 2540
2358 980
5319 1808
1396 1530
2640 946
2883 760
6455 2127
4109 829
6123 839
1471 822
3058 684
7832 603
1244 1664
7501 1443
6544 260
3727 2075
3152 782
7442 1126
2087 654
8296 1133
1417 2094
990 1689
6243 2378
1636 1647
7604 1044
1116 421
2335 326
4100 1329
4568 1085
5828 1246
8254 1521
966 1085
3541 1704
7351 853
5592 707
3273 2007
2307 191
4108 888
3286 2053
417 1360
7156 1648
7212 2353
8317 1425
4336 148
1705 1688
2631 968
5661 621
4324 654
3040 991
2929 1375
7828 822
4924 1717
5471 434
2044 632
633 1429
7236 698
3762 1809
5688 544
1267 1506
7785 533
3576 2091
6946 510
8230 1311
3284 1788
3132 1565
2967 1875
1239 291
8090 621
7472 1014
3283 915
8222 1895
1234 12
3971 258
6085 385
7763 1876
4147 485
3361 983
7609 1468
6472 1157
6067 608
1145 2144
1617 2536
2397 162
3964 479
6007 2064
6864 2282
949 1259
4411 303
2048 795
6416 1275
3113 112
1745 2538
1632 762
3649 2354
455 1119
2651 2459
1755 1375
5094 192
447 722
7685 1957
3946 2421
5052 1021
1010 1046
1293 1303
6668 112
4235 1204
7884 555
7348 2014
7110 1273
3482 424
6396 1372
2763 520
5168 1153
4426 2419
7294 2373
6063 298
1439 279
264 322
5978 122
3602 1196
7614 685
7324 2094
7907 213
5343 2337
4263 2031
1467 1963
1163 1033
3059 2564
545 1172
4777 1602
1759 57
8278 1223
1004 1989
6700 360
4478 2307
5170 1608
5080 1918
3751 754
7450 2222
5689 2272
8308 2208
7358 1654
2403 2479
2376 1753
7372 559
5996 843
8089 701
6144 656
3092 462
7540 1034
6532 2329
4746 1654
2220 318
5851 661
1625 689
6339 1549
7755 1779
5753 877
6776 199
8327 890
3551 319
389 2322
826 2391
5564 1712
977 2080
1232 2130
180 1089
6945 3
3569 740
4116 1926
2684 1794
6625 2188
4233 918
6157 2393
7788 2121
3699 2436
7363 982
5749 2516
468 1091
7544 1499
1180 652
413 1771
1939 1408
7905 2298
2501 1910
4362 1801
3887 1994
6305 2065
4698 2047
4361 328
4670 450
3836 541
3768 1661
3121 2311
7612 863
1429 424
4057 1530
3108 1246
4409 560
5174 212
5812 2292
6188 1032
6677 2485
4944 666
4034 1926
4638 414
5051 2339
6075 1931
6713 1735
2561 467
7718 2205
6687 1170
6620 1439
909 617
2232 1160
3170 323
1708 283
3395 1976
4774 1687
1941 2527
563 631
1689 673
4144 2412
656 1049
4461 2074
1509 1867
7833 246
4206 2084
5282 152
7211 988
32 2555
6288 474
6382 401
1525 2184
6926 1882
3240 1726
6208 526
698 1504
3812 2110
3860 1662
6901 2107
2992 130
6427 1958
4504 987
2168 750
2162 572
397 1990
4680 687
1581 2533
4023 1786
831 529
1793 516
1927 62
5695 1379
7804 1207
1130 1799
3279 625
4453 1781
4673 130
5445 1706
549 1430
8144 1786
1284 514
6640 1389
4310 1359
5388 1598
3276 1545
6029 2021
3764 1157
877 2152
4517 2006
5723 2235
7084 1747
2514 2340
5896 1325
5852 2083
2404 1007
2867 2309
5136 1157
1669 1404
2862 628
2998 1029
5554 147
6885 2008
2363 1396
3664 1075
3613 369
6930 1010
7233 221
4688 690
3766 807
1111 80
5470 44
7454 1400
6137 501
4141 1611
521 2460
6895 1009
6882 1289
3786 257
1731 2076
7661 1283
6415 1245
251 649
2369 1760
1315 276
372 2231
4113 1972
7333 2235
1766 2326
4549 427
3773 885
2855 2431
6475 328
6445 864
8082 238
7676 1918
705 593
2887 572
2410 185
4612 1736
7989 1561
3870 894
2656 2316
8182 2086
8208 2144
4224 1581
3434 1386
3451 348
7764 985
5809 2516
6982 2505
6540 1651
2613 1018
105 65
1587 892
5773 588
3360 2139
4871 1725
3501 1540
6985 462
6675 1622
4230 940
4240 2175
2038 34
5047 639
6271 2045
3993 825
2950 2566
3466 1118
6863 760
6430 330
6634 318
6635 38
5054 1146
6074 1083
2649 1915
172 1082
7964 297
1740 1996
3345 228
1311 275
6265 1306
3424 912
2062 2458
4833 1124
8054 20
8194 1345
349 802
5939 492
6251 1252
6110 2539
5806 410
8003 1671
1521 2223
6746 1883
4866 1549
128 1160
8178 519
302 2176
6664 611
6933 1405
1377 1138
1159 1038
6911 1034
2108 561
3643 1468
6871 513
8100 2332
3924 477
5886 160
3272 2312
2599 2361
1125 1737
3018 2056
2625 2273
8382 435
5186 2362
3865 1476
1715 2012
2997 2514
1855 1039
717 2248
2663 660
2124 260
888 555
3534 968
5541 1687
321 2203
5555 1803
7953 1654
6617 628
2672 2189
6031 2554
5990 1106
6613 822
1175 1292
1486 1747
4354 858
4315 2151
3277 1245
6856 237
4485 2384
2008 310
5642 439
3529 479
4431 2482
952 108
4031 83
5185 24
3884 582
3604 461
2036 87
4749 1535
7522 821
6290 1946
8071 895
7843 439
1661 171
3507 778
6877 176
6374 2384
1196 58
7303 1152
1760 118
4703 2529
6738 936
6872 386
8075 1508
244 1244
1063 1365
7336 1509
4601 498
5874 1392
8213 1230
728 1882
8103 1187
4618 1069
364 185
3951 1668
6724 1611
3883 1723
2523 1913
5704 1567
2016 1852
5907 2482
6232 1735
5372 1457
1595 1018
5317 2253
1702 1939
4594 1349
3122 1120
3723 323
8281 2047
1359 1428
2053 2156
6145 992
4532 2114
4555 676
2959 248
1546 1384
4744 1914
933 1396
7496 742
3300 9
5676 1350
1744 1150
1108 1137
5418 747
5489 1320
6782 1800
7008 1702
6509 1166
6025 2099
1962 2025
6488 484
6212 1757
4001 2460
2436 643
6907 788
6880 1618
6346 316
8375 2043
3455 1141
6159 209
298 2100
5033 1936
5646 659
7806 1148
2669 2079
2655 704
646 545
5097 1579
6235 2310
6900 1026
4487 1849
7937 1571
117 1668
492 1931
7801 2206
1495 1200
5739 84
4539 889
5972 1258
3470 2032
4188 89
5802 1436
6182 1821
5134 1782
3483 1748
8331 829
2800 381
6362 1066
1858 1885
1273 92
5339 1663
4337 216
837 2078
6851 840
6135 1941
6124 2311
7541 934
2857 248
4985 2213
3486 2124
993 1068
1916 2518
1685 1157
4277 1116
6991 756
7739 2227
5638 1884
6957 794
1530 2243
1929 363
3919 569
1566 2270
6943 620
1765 2177
514 1805
6276 1657
6329 2347
7104 1019
27 2526
865 677
4099 2519
2940 1712
6912 304
1638 1795
4318 1473
3917 2549
3701 1258
4253 2232
1653 610
3167 243
5815 657
1900 1340
730 2334
6214 1105
891 452
2951 2427
1418 1571
5879 355
1716 1894
7779 353
8081 1471
7426 1012
7669 2423
2806 597
5861 338
3232 2438
7374 1811
3675 358
3959 777
7031 1116
3443 153
5938 1212
4055 1704
1834 1122
5740 1520
864 190
5189 1643
6264 1137
3652 619
2741 1003
5195 1051
2419 2026
1154 1309
994 256
2147 1472
8350 2531
4380 161
1540 2104
1401 1475
4328 933
2211 635
4256 117
6076 1086
806 157
8340 1075
8004 139
5751 1281
5914 928
7751 636
5232 2086
5967 2425
4922 2354
1658 2084
6200 1102
1926 961
4089 1744
3512 2203
4634 746
6027 1384
453 1459
2520 453
286 2392
7961 2364
7232 579
3734 1424
2990 2263
7058 2206
2371 1807
68 2159
4272 47
6925 1543
6033 52
5683 353
787 1029
7064 1878
4074 1017
2866 311
317 2546
2736 18
3588 2500
5309 2087
5416 1152
664 682
6038 2184
3894 279
322 1828
6216 781
3827 2260
6464 1977
3022 152
4528 1929
3725 956
7931 1875
6656 2244
3562 691
4955 2053
3185 1946
4573 2501
3435 326
7698 288
6165 100
7706 1366
6709 1331
3824 1381
7240 1024
2411 1805
821 936
5599 1815
1488 234
6653 1970
5766 2133
3083 885
6434 1838
3262 1756
2860 117
5150 30
1972 1685
7917 630
6519 1429
2400 1407
2314 1750
4511 2085
2389 2249
7561 1739
5002 2116
5433 161
5377 1222
6312 2343
7898 862
6077 288
4890 291
4894 1302
2911 352
7990 1262
6119 777
1371 752
3150 2482
6599 264
8053 895
2451 1329
1696 1516
4014 2366
3956 888
6317 678
7398 1046
7473 325
4735 1810
5125 1676
3299 1784
1287 1485
1089 1496
6170 810
21 563
7261 195
3115 1465
6520 856
7890 8
2844 1159
8377 1597
1961 370
711 868
5636 171
1241 2097
2666 1693
5657 79
7998 318
1623 701
5651 467
3249 299
2194 2157
4980 1750
4513 1527
4357 233
7962 1941
3900 811
5756 1529
5860 156
4869 246
3825 906
1931 1802
1341 1858
1596 2537
1767 1991
1593 1760
2094 919
4363 1740
1291 1795
4642 800
2111 62
4961 2190
907 720
7716 2347
4829 854
6936 1773
7371 2502
425 60
8279 839
2145 955
3687 2129
7047 897
7930 428
5452 1208
1781 318
283 571
756 2040
5222 2261
2384 2553
4468 921
4491 870
2904 356
7702 2278
1247 1395
2713 1333
5826 83
3577 1287
3244 41
5490 663
3020 341
1001 499
4835 1713
4135 2185
7036 2341
5420 2465
5177 1976
6134 615
6055 86
7997 3
2985 1162
107 1699
6978 732
3650 837
5862 1320
3421 13
271 502
5441 1074
7051 1882
6595 78
2452 1557
8084 483
5119 457
4469 2058
7393 576
6002 1529
6442 1731
169 1848
7549 2080
1382 2381
1637 2443
618 1738
1958 1907
4193 1718
6614 1627
510 61
4407 526
542 1317
7073 564
4482 148
2644 966
2031 87
975 203
7208 2369
1599 1499
557 1569
7991 181
4080 577
6484 2215
670 1108
3009 1961
5884 818
3934 1503
1897 2130
4403 1936
6080 2334
3634 648
1468 1138
4575 1499
3379 2075
490 2285
3932 1563
1054 1428
4970 938
6424 1739
7019 641
3333 1212
4364 2451
3612 803
5559 98
1148 2238
3221 2365
7006 1092
4811 2434
2612 1721
5523 2097
2560 566
4232 947
7435 30
23 1000
3878 403
3234 952
6122 1251
5732 488
4830 1155
6581 2393
7295 143
3673 2439
4989 466
5924 1729
7118 831
5227 1869
6193 311
5371 1720
7244 2088
753 2434
1504 568
7647 915
4529 591
1569 798
4117 808
8267 2326
1537 410
5502 2432
7811 1973
6050 1847
598 1935
763 1913
8096 1909
1150 612
4627 1460
3116 1760
255 210
2227 246
7939 274
3885 2000
3014 784
5442 411
5290 2039
6104 1611
2735 1833
1960 152
2843 842
1518 2279
7980 1703
5132 1533
2318 2293
6551 1959
2120 1582
6822 298
7866 1931
6449 761
7963 623
1176 2259
4978 1255
3222 287
3335 1504
5285 2556
4668 1018
2373 718
2089 1448
7416 1508
8378 1568
8057 1742
3739 2054
4386 273
7546 1895
7645 171
7803 110
7575 186
1648 2044
5537 1209
6068 1740
540 2009
7297 2131
1966 2210
4870 1217
5273 61
7696 255
5457 153
4930 2243
2472 2
855 2215
2948 790
136 1352
2035 941
5735 1811
844 971
5956 291
3635 816
4038 1693
3140 1908
3418 1277
7141 2225
7695 1112
6820 1586
3585 1050
7241 460
2078 435
7479 1090
7682 2478
584 1517
4903 1883
2822 2371
4039 1977
1252 489
4161 426
4615 1032
6426 1367
3112 2065
7497 752
6197 2350
5944 2458
613 1765
3782 976
8231 1126
4094 1942
7631 935
7708 264
7179 7
3456 1656
6610 517
2799 465
5425 617
4630 64
486 401
4730 1442
2004 2323
797 1229
702 1802
7824 157
7189 2461
2910 1422
4540 2450
6390 201
2934 914
7670 312
4226 1027
2977 2541
3405 154
3090 1512
6496 2197
5373 1905
281 519
1502 1426
3833 703
3081 967
6739 2477
4053 1885
3848 2494
7469 1448
725 161
1340 2022
2965 714
828 1141
4595 335
3869 492
4342 415
597 2275
4899 1617
7120 1180
4613 1645
3901 2363
1890 793
6899 2088
3528 640
4996 986
1017 624
3144 860
1362 1315
2075 1356
687 199
3371 2346
5160 148
8 1370
2962 2363
4757 439
1990 826
6066 1983
8179 209
8189 495
2536 2220
1847 2084
7734 915
5892 1482
4389 1390
1814 2558
61 1843
8122 1202
4655 758
393 50
5464 847
3257 2452
1647 1781
3000 539
1333 354
863 1700
1404 587
5088 2152
3287 942
7427 1555
5485 442
235 1642
2327 2215
7875 739
7286 1725
8062 527
5579 2047
5882 75
4727 1249
209 1989
8235 433
2961 455
5950 1127
7449 2045
1543 2080
6703 1184
6641 1353
2444 1838
4492 500
4852 1270
3844 1682
3208 120
1462 2066
6951 966
1068 1583
6697 955
1780 2334
4198 1893
2213 1827
1913 2497
1327 1211
8160 1603
8275 2111
3400 1373
497 1098
3305 1921
6922 842
5308 1685
732 857
5018 1604
5410 923
3909 161
5021 13
1739 1452
5188 72
5455 1017
6937 1573
582 527
2295 1390
5710 2386
5936 1643
4758 2405
6661 515
3077 1040
5193 2536
1039 1283
2871 2373
5085 1249
5463 1069
4132 1401
3082 2072
575 333
1535 2360
5366 790
6016 905
5328 295
672 2102
1206 433
183 1103
4356 26
4850 2066
5589 2468
5435 1601
3570 218
487 502
4858 1718
7136 2207
5389 1047
424 2305
2971 573
7738 1122
6727 2099
6356 520
4909 1231
3818 602
5977 472
3417 1268
8155 389
489 1093
6091 790
6619 2099
6527 1648
4706 2252
4875 101
4885 804
5824 395
2724 407
1501 756
5403 1815
8252 296
1343 1544
7584 1014
4114 349
1507 2302
4786 736
7602 2443
7024 2465
1033 2504
3214 794
2654 873
5314 1411
5902 2492
7086 532
2386 2095
3 561
2379 1422
1764 964
380 1861
1135 220
3453 2463
1177 123
7607 2437
3452 1947
2222 736
2721 1558
6065 375
2982 1723
8236 583
1573 1393
6023 2090
433 653
1338 501
6747 1233
6756 385
3061 8
5196 1042
3328 2563
7406 1467
459 1818
4571 1830
3073 1459
5005 946
2011 862
8159 1055
708 337
4748 2146
3297 1128
4893 936
1618 934
5666 757
4443 373
2088 2368
275 2284
731 21
5009 1
6830 46
5675 2415
5561 1559
4969 378
4252 2078
5709 318
3854 2215
3332 2494
4895 110
3149 388
151 1625
2659 350
7710 1343
1768 1696
666 850
4423 2563
415 287
7198 1494
4614 689
1047 2277
5525 1750
5415 2008
8101 1860
1381 2354
8295 1032
7505 2491
4733 1989
7203 1864
4079 1353
6637 1331
851 1133
6633 1674
1115 737
7488 2154
1450 582
6081 1572
786 2195
7623 1007
1433 2281
5031 2511
240 2192
4071 1520
7071 1141
2200 145
2991 2140
7321 1179
7357 2290
1013 2139
5692 1999
5511 2071
4340 1935
4995 1021
5840 992
7259 2237
253 938
4920 2113
6814 2004
5074 2287
5951 2230
7270 1309
3172 491
5220 1976
2180 736
7820 419
2565 53
5550 1398
6162 73
6616 1382
4208 1824
793 2137
4796 1577
327 758
747 1323
3070 1281
7758 1661
8041 493
3888 1545
1386 2338
6917 406
6487 2184
720 1264
1034 1398
6847 1049
6787 609
2395 39
527 1534
2158 1659
7740 946
8263 2386
1199 2299
1836 333
422 409
4434 1522
5346 2268
1614 1613
4546 1263
2589 2161
1124 364
3153 1009
6155 998
1407 2395
5472 690
5705 1209
623 1775
733 1099
6760 430
2653 2211
7242 418
7794 640
5988 860
997 1507
7106 1827
4607 1333
4227 622
5477 152
3080 2482
4186 787
3349 1092
200 390
5190 1056
31 2290
6018 18
6541 2184
5509 1110
8210 1803
4547 2207
893 2566
1038 1131
6968 2534
7326 106
6543 2374
7466 222
5495 474
7705 2120
7464 850
6108 115
3665 417
3590 2249
2810 1556
3950 824
6572 2412
5752 1204
2751 2371
155 1355
3206 1822
7528 1862
3810 2126
178 1753
1365 1863
3330 2054
6571 1174
6474 587
2002 824
6534 71
5612 879
7146 677
1620 874
20 78
5183 1106
2495 1697
4248 2403
323 880
1733 1276
8249 1286
4026 2291
1204 1485
2926 322
5533 1759
2096 1092
2484 5
621 251
5026 1003
4584 1553
1245 587
1839 1466
187 880
5517 2555
3937 683
4709 2531
5466 315
5417 1915
167 1719
5791 629
5236 614
6550 759
5850 2135
916 2027
1478 1956
8198 1578
1861 311
6447 1519
1786 1670
2025 1728
6648 651
4561 1375
2521 997
958 2353
4756 1052
3255 1394
4580 433
6778 143
5079 2554
33 1789
6468 1501
2508 2305
4265 600
941 86
707 879
83 1408
4616 107
5202 1639
6257 1022
5577 1683
749 1920
7652 1058
3706 1138
6239 978
5266 405
8238 1219
301 2243
7239 1988
6627 769
8343 1442
450 2326
7681 177
1032 1791
4992 1338
3518 1706
1015 2540
1784 2286
5322 156
4554 311
4299 2347
6490 1362
1055 2153
5498 972
7021 1843
5521 379
6870 2546
2777 1647
6060 728
2826 568
1848 2002
7812 2128
7365 96
4751 1656
5793 1439
1969 907
5253 1185
437 2482
2726 580
8083 146
6639 22
5128 2546
214 746
4808 2362
6708 700
365 1233
7022 891
8076 1304
2637 1000
3757 704
4686 1596
6131 2086
6600 2360
7841 1161
1616 2005
3697 941
3791 1651
3258 767
684 1424
5407 2236
2596 880
6953 1070
3133 2039
6797 1739
3339 2464
1762 726
1748 2139
6829 649
2288 737
5981 1587
2754 263
825 2445
7660 847
7048 693
1730 443
6622 2231
8097 203
1508 2532
7731 785
5685 154
1299 832
6308 318
1412 786
3430 2297
4621 1336
5268 1793
355 337
746 2115
525 2106
236 2061
4724 1125
5497 2038
5917 297
6623 405
2259 2348
6843 536
3556 757
4843 183
3352 196
7477 1172
7096 883
5628 807
8384 1695
6015 1002
3639 359
1374 535
4650 1761
4928 278
3204 1330
6987 16
5200 834
6908 2172
4126 1731
5895 2414
6083 1348
6956 2550
1275 697
8227 1391
4628 92
3310 1423
3767 1816
1000 2166
6111 2510
3694 1777
3263 1397
3982 2247
6560 470
3498 1508
6373 1841
4010 963
5431 2235
7217 1065
4118 2049
3589 1169
4825 1051
7305 1176
3325 895
4009 469
1821 758
4712 1172
3415 810
7046 882
3336 1025
5370 1980
5982 595
1106 594
1979 2416
777 189
7154 2463
2081 1233
5588 402
3252 2431
4376 2352
2228 1639
6044 1144
197 339
6673 1642
1220 500
6352 1790
4441 528
1198 2537
827 1562
1379 72
1292 817
2927 153
2480 936
6397 967
1460 1442
3099 2120
2957 1253
6109 1862
2104 1357
4865 180
5396 437
4197 1755
4929 2226
5782 1323
1694 561
7124 2464
4674 1249
3181 2361
4343 2271
3031 921
6260 197
7366 453
5488 107
3142 1610
6138 513
2069 2174
2042 186
1141 2062
7410 557
2398 133
4213 2070
2494 1605
3053 1669
559 291
5615 1109
5076 750
4967 1365
7772 2132
8036 2440
7909 1926
5478 2337
426 1953
6446 547
3929 2219
3176 1432
3997 1100
7525 2039
858 1611
1868 19
5072 487
1432 2271
4514 2229
1011 1302
640 675
69 2207
7147 2567
895 1824
1621 1891
7810 972
5437 662
6160 1133
6828 1724
723 1456
5857 1345
2202 730
3187 2369
2592 238
1585 1822
7688 2384
5151 819
3467 1012
4681 932
5724 867
4139 1195
5504 153
6597 1472
4158 1206
8030 1
2464 2370
3961 771
5046 2391
4366 1086
7289 814
3525 1187
6977 2561
6866 1687
6130 545
7041 129
7308 1021
5730 2467
6342 1906
4837 1050
4129 1305
2443 1551
4994 167
2675 710
5702 685
2148 566
5307 1593
5925 562
6392 356
3406 2119
3146 743
2605 637
674 1543
4165 1174
2458 2306
8169 733
8066 80
410 1757
300 1679
906 1941
897 1670
4082 2041
1168 976
4025 278
2392 417
4806 1170
4886 1378
4422 1048
7743 1155
4355 594
3798 1049
8237 2176
8001 1569
1615 2254
1285 1110
7767 2244
8136 1267
4687 489
6272 1989
346 2560
196 2548
5891 1449
501 159
5382 1541
8199 1075
6198 508
5992 916
1514 1906
5926 1611
6754 358
8152 654
5754 1016
6323 576
2617 2155
1060 2311
4520 512
3260 1603
7299 1280
5653 1669
2685 1836
1817 890
4360 1787
7532 1718
3347 1098
3641 2531
7316 1377
7408 2269
5814 1265
5289 428
5229 751
2193 556
3266 306
2260 1394
4587 919
6973 1841
4166 832
2161 34
3983 870
2804 2346
6892 2073
7218 1510
7818 1018
6944 465
2563 2297
5259 1105
3215 2305
4588 833
7026 1047
2079 2165
6651 1751
5920 467
5600 253
8086 730
681 1330
3563 2114
1254 1235
6735 551
2270 1598
541 632
5544 1280
6394 1200
8149 919
5919 2142
5771 771
2226 1819
8360 937
3729 356
1520 1651
1378 1233
4087 1909
5481 785
7753 127
2107 539
4237 1838
5764 940
8085 802
5422 2177
7389 939
4828 1245
5729 1188
6462 201
1136 1975
3830 809
808 1166
6486 141
3253 1235
6890 1869
1110 398
2877 2120
1660 2304
3151 1615
6666 2415
3102 531
2753 2323
7611 1817
5493 331
3158 2130
3154 683
2435 596
2018 1055
4307 1178
2879 612
2430 133
3454 1204
6153 1636
2608 2066
3702 738
2263 639
1930 1641
7563 702
6826 107
667 181
375 1322
5102 1663
5562 742
5426 2029
4012 1246
2043 1332
7492 1118
3925 1640
7105 2279
2864 1163
5147 533
1633 286
3241 2469
356 1374
1775 322
8176 2361
798 2405
6529 182
4619 1034
3314 2256
5484 1220
7795 2140
4317 1788
1171 114
6017 1626
3111 1258
7490 1684
7483 633
942 132
3376 211
7045 2375
4624 2470
2039 1723
1837 1532
276 2067
2728 2198
2947 276
4419 1146
7206 152
8020 471
7446 1294
3364 442
1339 375
3264 941
1665 958
8370 551
7825 717
7789 1171
4916 2233
6838 2373
1138 610
1977 619
986 2122
1582 82
3895 6
6751 575
2566 1451
1477 2366
6817 2325
5731 1658
344 219
6676 154
3076 2417
7123 569
2551 58
2167 116
7570 1354
5780 2386
6266 2268
3567 625
2072 1049
4761 828
4465 132
829 2294
7557 1454
627 1059
8059 1669
278 2217
432 1578
1641 831
7224 307
8383 2078
988 2047
7949 2093
7538 2058
7285 1901
2030 1556
7957 180
45 105
8010 337
5746 204
1626 948
7281 2503
4897 1685
4987 2240
165 1406
1160 2078
2125 1085
5338 1077
1242 1827
1301 1508
8326 1091
5179 1957
6510 392
7790 1695
4295 2072
473 1947
565 1052
3488 250
964 668
2851 854
1857 1203
7190 767
7470 1465
944 2523
160 612
2539 1998
6942 46
3125 1007
5979 477
1193 1119
5192 1929
611 2350
1419 1636
6195 596
7139 460
2105 1050
4917 876
4639 147
3809 380
4872 2045
7886 890
1919 295
1559 1633
5849 2078
7793 1926
5473 2212
5252 375
6772 737
4768 380
1095 133
5557 1768
3389 2430
6078 1462
5568 1748
6367 177
4345 1065
2190 915
1570 1428
7722 1512
4637 2135
371 489
5157 1354
7340 2429
8140 2295
1414 352
940 2484
6254 2462
7583 1063
1907 1014
1506 1853
1306 1716
7928 2292
2273 1292
7543 2212
6341 196
6794 732
6707 1339
6621 782
3317 836
7235 1177
6562 1417
289 707
2702 185
7107 541
3105 1420
5406 2511
1029 2172
5954 55
3120 1519
2846 898
4088 1492
6269 561
7849 1345
8242 1408
326 1336
6141 1771
4997 1738
982 1244
101 787
4503 497
496 1127
3954 1776
5187 882
218 1653
6679 1418
834 1525
5750 2245
4412 1721
7946 1836
1598 1109
7074 995
850 750
5064 2539
6897 1526
6263 1642
7972 1623
2082 117
277 574
1651 1094
838 2471
3985 1655
3209 1628
7723 355
7077 73
257 2488
5213 2162
4551 2034
3941 731
7491 1402
2248 442
4236 378
2848 1354
2144 1933
3712 2436
704 2280
3117 1864
6196 44
2210 1152
7453 160
536 1508
937 946
869 1704
7307 320
1117 2323
5216 2324
4046 928
3821 314
7049 2089
2873 1804
5133 2149
3905 166
3538 1348
7114 2505
2504 1959
4919 573
1288 1885
2176 1768
3671 45
8148 1020
6997 1303
6282 2355
3337 1702
4112 80
4216 2298
398 2215
3373 1336
7183 927
7346 1064
2126 90
6036 1916
2247 1822
5974 2139
4017 1345
3426 291
4498 438
1364 2319
4737 1347
228 2444
295 1182
5755 1250
7912 529
3035 1355
5607 471
1170 969
3420 1426
3572 310
1875 774
6834 1003
5411 19
7526 403
3535 2202
945 375
3994 1812
946 1933
56 161
6132 1832
5486 1715
4243 2366
5043 407
7152 358
6379 1162
8298 1341
7527 462
1873 2374
3024 553
2978 875
526 1897
304 861
4939 86
7178 2404
4964 26
8040 1310
77 1040
8385 2289
5811 2534
1700 1613
2919 1072
6013 2240
6332 1540
4662 1032
4877 2541
2242 2517
7060 2046
4904 2387
5854 1289
177 2309
311 827
8293 332
6250 1651
7342 1421
5670 1908
1188 577
1830 1165
7438 1902
6979 867
6841 1381
6881 1961
4704 1289
7062 1381
7191 2505
4131 778
7863 531
7439 1368
4293 2290
5765 1284
7658 1640
5748 1254
4611 2024
1899 673
652 2174
6146 776
4849 539
3370 625
2330 1698
1591 2159
2006 140
2779 1373
2785 2108
6961 1629
6755 968
2671 71
7952 717
7207 722
4648 1066
5827 274
3319 482
8022 2386
4433 1927
3942 1350
758 2561
6569 1638
5841 632
5775 1720
5556 488
5419 2072
11 1416
8229 112
5975 1278
3655 1276
2455 2335
2359 1121
6361 2318
3436 842
8255 2213
3566 773
737 247
1075 1919
1461 1229
7433 1322
1122 1315
8139 2194
6663 860
7176 1611
5947 429
5831 2349
843 922
3242 1415
1140 1365
1737 993
162 2120
1329 2425
5205 757
4497 1983
7667 176
2609 949
4401 1638
243 2380
2641 929
6511 2433
1251 1190
1895 2066
6223 1381
929 1856
2377 1766
4620 1138
7394 536
6972 1740
7126 1605
3750 1046
5378 1886
4603 1368
7977 2082
7172 1821
2457 1881
1684 1598
7266 709
6147 2240
6316 1641
6465 600
534 399
3866 2081
2399 1233
8079 1658
6690 2169
1947 2491
5649 2088
3684 412
5351 1108
18 2110
6712 1131
7599 1664
1280 469
217 413
6003 828
1263 355
5115 2030
6815 1980
7414 2545
1667 231
4145 244
343 2277
3707 1254
2300 1074
1606 2141
4399 1482
903 1245
6128 862
7590 90
2553 1898
7506 1308
2275 1237
1831 208
5596 406
3404 1992
6222 1344
6327 2395
3505 480
3309 1450
7606 110
6749 1263
2643 2296
7699 1019
6632 1864
4973 154
3940 846
4191 479
7585 818
3873 375
1179 2526
5908 166
2897 1320
830 1235
1957 1862
7352 2198
5843 2437
4405 1822
2590 1451
457 1531
4246 1748
3787 488
3871 944
4799 333
4515 1134
5566 956
369 1900
6376 2488
418 2166
629 841
7254 55
3805 1739
606 449
8300 1245
7929 1292
1230 2118
5223 1932
913 1917
6733 847
6289 1688
4715 1000
4717 1624
4839 1594
416 525
1751 359
5900 1495
2432 287
3579 2042
1134 1813
3280 310
176 1118
358 1405
313 2412
1487 2372
1600 1411
3861 1271
4203 1235
8243 664
5098 2411
5276 1910
390 728
3189 1000
4656 2500
5890 1415
4368 1827
4262 479
710 270
3599 1670
3385 520
5061 1340
1933 1271
6413 1916
1721 2070
6831 2268
7246 1802
1415 1445
5469 1106
7657 2101
709 1975
8112 104
7572 1276
953 744
8147 810
2876 646
4225 492
7432 1293
2374 2322
5368 2177
8234 1486
8303 1958
3614 1892
6983 2242
7385 1468
1742 1179
394 808
3515 2452
6706 1666
560 1252
2481 1355
2466 1428
259 864
5624 1580
116 1851
1741 219
7993 1027
6514 1231
4156 2306
957 839
171 1478
1243 555
316 574
2639 1573
7272 552
149 2434
1992 929
2425 1833
2012 780
6297 1817
7343 2247
5428 822
4352 260
3904 1032
6570 74
856 648
7339 1102
5617 1660
7834 1988
2952 718
8328 1853
596 1064
409 2003
7880 385
2905 809
7800 1196
822 1267
4675 2140
5334 1701
6389 44
2353 1543
1627 1691
4667 2563
8088 380
7238 188
7407 1184
2431 339
2381 586
7869 1736
8063 496
6848 2140
115 677
8171 1405
961 624
1512 810
4533 679
1259 2277
5696 1341
7487 523
6839 1296
6161 1133
7916 1255
8261 14
6279 1212
3546 1219
5640 1324
3657 44
776 317
7237 1763
1114 1483
4303 250
7256 2262
8055 1811
2065 1902
6059 1946
2060 934
6780 2563
5680 548
7899 1545
2516 41
4689 980
1500 1701
189 675
1729 1114
4831 2343
1671 1944
4921 1337
3523 119
194 471
7039 620
6711 2430
5078 2149
1896 152
6321 1116
3735 228
6335 648
2693 1858
5000 2305
7151 535
1319 601
5801 2532
1030 988
7101 395
7117 171
7511 2390
8012 665
309 1948
2000 1293
539 310
4484 1340
716 2222
771 1421
1400 2130
1970 1518
4033 391
6041 2275
6154 1589
655 1707
1395 2254
3933 817
4934 1418
7397 1133
7558 592
6986 712
1928 1558
8277 1483
803 1959
624 832
3093 2076
73 339
6660 316
4066 296
4467 865
3877 1619
4645 2224
3296 531
4635 866
7301 690
2362 1948
6298 1261
1953 2164
4212 1179
2995 776
1903 2180
984 1806
3979 180
8215 1598
3962 983
852 919
1726 2474
1676 959
6959 1499
8268 1809
577 369
4370 2087
3753 1588
4415 1976
4442 1262
3015 564
2727 2005
7017 2558
4185 917
920 1719
3923 1115
1558 1786
7140 800
1248 621
3017 2236
6761 1933
2476 1230
3586 122
3491 2076
7802 1977
1754 1792
3041 1227
2496 2283
5986 1153
6410 1952
7219 2160
1777 1626
2755 240
3920 43
6417 1831
5124 1663
7903 272
3636 1770
1706 536
7300 1970
5899 2402
3403 795
3110 1727
867 1760
2796 1180
2841 589
8150 2453
5233 491
7076 2318
6589 1296
5297 2556
269 1355
3845 855
3816 716
5918 2248
2723 856
7153 1156
6457 1205
5204 1286
8007 913
5933 2350
6808 2491
6536 813
3596 1423
6757 1770
1323 1647
7422 746
3478 2150
1366 1087
7733 2368
4945 1139
203 687
6176 1000
4121 1684
6268 1729
3511 417
6053 2099
5117 2339
6789 1119
474 2215
2567 1475
6722 1940
2204 877
158 1639
770 394
6726 1510
1763 550
7474 2067
7396 47
6461 21
5277 430
5605 1953
7253 2173
8058 716
1887 2108
4493 541
3759 2508
7936 541
1809 937
2462 218
2652 1859
3978 375
7332 676
3396 1888
901 25
133 2303
4775 783
5221 1535
4820 954
1772 917
2264 626
5487 1495
1481 2455
1100 1286
639 190
3236 820
2351 1971
5721 1415
6071 1254
4896 142
6693 1507
5722 1042
4813 2543
5402 1622
3282 1320
7090 1121
529 2446
2171 1734
7330 793
1070 1509
686 1993
3662 1046
400 747
5855 1383
3107 912
677 1704
5304 2529
2323 1888
4130 1642
2915 826
4617 2035
3010 51
4509 292
2886 1814
638 489
1350 874
7278 1225
4146 2296
3730 145
7587 24
6728 1544
6857 1596
8023 1323
8287 1492
1773 2505
1391 1573
7173 272
5090 1898
7149 1716
7610 1729
2840 1616
7091 1071
3502 1812
762 2235
7948 1637
142 933
4044 871
7976 996
4081 1360
5483 2437
1066 1118
4222 1568
1035 100
5500 990
3363 1101
3012 2066
5894 2332
164 2488
125 1708
4280 2212
781 1253
3303 1593
7075 1453
8336 888
1680 677
4745 80
8109 1788
6947 372
3606 1589
1917 862
8204 721
6306 553
6231 294
2352 892
7231 897
588 771
268 768
8316 2164
7085 227
947 899
8321 181
3229 1484
4058 1349
2740 1610
5250 2116
4672 94
6167 2231
6553 2011
5694 475
2730 2510
7881 660
2405 1373
1548 1206
383 395
2474 362
6530 297
4124 2076
4211 1729
6010 2424
1224 1497
1083 1295
1453 1379
7220 634
5348 1951
989 1305
3353 781
7424 2231
1485 679
1936 1307
2284 129
5927 433
5593 2249
4649 1902
2646 987
5474 1686
2449 192
3708 1686
576 1038
6293 2344
1704 2263
516 2446
4949 740
3931 1887
1367 2105
54 2435
6210 370
3131 1125
8015 1299
6215 2036
2665 1735
5993 102
331 1059
816 125
3348 2424
2127 1411
1575 1724
7354 1103
1023 376
5345 937
1354 1027
7251 232
507 400
114 747
1827 396
2658 416
475 1379
3744 2352
406 119
4283 169
351 1858
683 65
968 2095
2424 891
7799 502
4300 347
477 1452
2544 1238
899 1688
2834 480
3037 667
4311 201
7514 156
7119 1087
8106 486
796 15
7673 1727
5362 767
8291 104
1172 945
1431 1125
6423 543
3046 618
7368 679
1202 533
60 348
4762 630
2512 1830
3196 2048
4287 649
2638 57
8141 1737
1801 882
1181 1511
4759 232
2808 1688
8368 868
2889 923
1099 1571
4140 2539
969 9
2604 572
5004 1428
144 696
5955 1883
2282 455
2357 2558
6441 580
4051 81
3907 2446
2732 1302
3829 1600
1810 2214
8247 2052
3275 1428
1820 2512
4192 1867
3223 292
6307 306
5409 255
3387 646
5678 137
7829 1438
4397 1933
7615 2211
3977 362
5070 1464
98 1763
2749 637
3084 176
4599 1848
7284 953
4420 2016
2134 2327
2024 1364
1426 1117
3068 559
5164 624
1703 615
8359 1670
4741 897
3233 2475
3620 17
5867 602
1545 1342
7519 2083
4059 1260
4454 1763
5585 1824
6918 1168
4447 245
3689 1705
2917 1829
4462 1693
7042 181
5421 64
4902 920
6999 1647
3520 806
460 2172
7742 687
4788 322
8046 540
1470 2311
7908 737
2372 1168
4254 942
7996 228
1221 1808
3323 554
3184 1471
6407 1294
1422 1667
1825 775
6596 353
2201 950
1050 1905
5816 909
685 1590
6419 1838
3308 1092
4679 1181
6209 228
6695 2140
6874 1283
5958 1639
4030 2458
3897 823
5011 1620
5652 2233
5598 1824
157 1094
2470 382
2067 193
2949 1771
1973 64
3980 1507
5866 727
2486 2080
6567 1415
4940 1371
8117 1639
6949 1563
3128 1556
898 2200
6300 285
2415 2385
34 267
8362 349
5905 540
5243 1082
5672 2024
6714 1424
2660 677
7835 268
1523 784
2513 157
1282 275
2784 1532
1823 2406
5825 1766
213 1927
4918 2356
741 1166
1409 1414
5621 2525
4339 1710
6460 1415
8118 2493
6304 586
7983 2458
1093 1401
124 1883
2479 1704
3045 1849
3096 1759
5701 260
6759 889
7258 182
7690 1788
894 49
4416 2136
4075 2345
7808 1825
4123 1229
443 1234
4432 1079
3136 2526
3975 389
7624 1800
5214 18
7756 402
5708 1977
3032 458
8102 2235
2149 623
4047 11
7715 2189
5725 1666
4927 377
494 1805
7400 2227
4077 352
334 1502
282 1407
3135 1887
4180 200
3731 1509
7116 2182
1522 1888
3217 1073
5167 2135
5833 1935
5408 601
1049 167
931 1187
3366 2162
6644 720
7862 638
1901 1960
2097 2066
1390 860
6802 713
2839 1092
354 1854
1612 1907
7900 1951
3411 436
7000 2230
7591 867
5864 2072
3329 1145
7807 1104
7338 1207
3437 2078
1053 1712
599 2509
3438 2179
6246 273
6992 153
4971 299
6493 1068
5429 1717
7133 1468
5876 550
7127 686
6516 2092
2746 1240
7970 163
1402 1496
692 607
6587 2550
6705 1714
3464 403
5062 625
1921 983
7296 2426
8365 291
4805 1614
6408 1609
7063 2505
2913 1778
2758 13
1132 536
1274 1601
8069 159
5883 826
4327 1749
2313 2332
6184 1146
3256 1944
4999 2460
1205 843
8094 816
7056 2185
5395 111
2525 1722
6940 442
1458 1263
357 2082
5654 50
5053 409
7155 962
7814 1229
6458 714
3057 1010
8008 1962
6984 364
3414 1703
1678 678
6070 217
3601 2419
442 263
6082 2334
7768 804
4276 1894
3672 1316
6855 336
1682 2186
2626 496
8206 2382
3227 1774
528 354
8095 1189
697 395
7274 943
3686 1853
3071 1111
4019 2411
7831 1700
804 1917
3487 642
5929 1947
1162 683
636 1479
2880 1260
2969 178
6836 104
5467 2150
3889 1877
4534 1110
1949 2306
2116 1097
745 1194
4780 137
6842 1711
1094 1544
6939 2534
1155 2088
7069 2196
4659 1165
2409 269
3086 1005
4892 1497
7686 821
5247 1820
6008 525
1946 419
5962 200
4086 770
7020 221
38 1074
154 582
8320 2076
2245 104
2821 1967
5536 463
1007 636
6788 1651
4013 809
7749 1858
2939 317
6006 1943
3627 1211
2511 2415
3302 1901
871 1099
3530 1729
1142 761
6807 1226
1771 19
3608 1358
6791 951
915 1760
7313 1634
7701 2300
4207 1637
2254 321
6032 955
5203 1996
4210 1595
6190 1589
3431 1547
4076 1953
8265 870
8037 1266
4576 693
914 1441
3248 2224
3709 2468
1157 315
4960 2016
6658 1074
7945 1184
5880 1450
3772 2451
2408 2123
3313 2048
5601 378
2285 698
1719 1163
4765 1557
7545 86
4654 2215
1258 1219
7819 2313
1445 1367
2153 1744
5191 1488
1449 469
4975 1535
6344 2034
6631 2473
294 2336
2341 293
2236 540
3194 373
7627 2326
6084 756
3048 2131
5551 135
3856 1787
5948 1244
2524 1085
874 23
471 2111
2304 1795
1024 514
1816 2300
2803 617
7857 1030
387 40
6539 776
2535 363
1425 842
5456 1036
250 1513
1714 836
832 1927
6202 1462
7944 549
5427 253
1932 598
2283 740
4214 250
643 630
4910 2259
1009 2070
8369 603
1456 2218
8322 1646
5949 2189
2817 1814
3291 1988
7893 1555
8154 1969
5323 1356
4814 419
5288 1464
6568 1152
8221 101
4095 2162
1452 652
488 1463
7513 1028
7282 1007
8104 705
5475 719
8264 1074
7850 501
5832 1758
5430 430
3174 930
8072 233
4175 1202
104 174
2900 280
5871 2478
5772 1360
7312 64
7646 123
3642 422
965 1089
503 1233
1078 1603
7335 787
6433 1569
8260 2113
2388 2250
5587 2160
7608 481
435 1075
6650 1425
1370 2389
6993 731
7687 1450
7791 588
1496 356
4093 1503
7109 2130
4819 2523
6981 893
4313 1519
5329 513
4048 2135
5658 473
5130 395
1137 667
1815 1710
1006 707
8153 1071
8272 58
1622 1411
5083 1062
1397 628
2697 152
3177 163
3648 2521
3632 1139
1297 1492
5249 2508
4800 346
2774 1668
3281 1937
1906 1057
6573 38
6765 879
7463 161
719 2219
4982 433
6736 218
3682 2516
4553 2391
1173 1560
6249 794
6674 1986
198 1214
1541 915
8305 894
1983 1780
7264 3
4136 1510
3429 2183
2559 579
1527 34
809 2323
3343 570
4908 1067
7966 1934
6523 1980
4392 15
1317 2422
7399 1467
7148 280
2984 311
6566 293
8220 470
5347 20
1974 534
3698 2299
5110 1410
2046 339
6995 391
1915 2104
2385 401
6811 1214
6370 1501
2571 1272
751 2367
8191 613
6670 2256
4586 2045
8302 2016
8133 1089
7288 1537
1302 1457
5081 884
4802 1478
1126 2429
4723 1591
1851 518
1692 1334
6022 2005
585 1040
2179 1269
4986 429
6105 1773
7578 821
3740 2388
530 2090
589 556
186 2441
5262 1911
2830 2466
519 1710
5759 337
2117 2116
462 1347
5707 321
578 482
4439 874
3065 225
7556 1543
1164 928
3935 1805
2908 1304
1328 1141
7401 978
1144 824
3670 1569
5386 444
5633 2534
5272 2053
2888 1025
2311 199
2955 609
811 1313
6 1442
2718 2158
5744 1628
4219 822
5241 1172
4771 400
6718 255
7018 848
2332 427
695 469
6941 1465
1005 2350
4962 2220
1435 1417
610 49
5686 2092
2360 636
3685 370
8134 1879
3803 761
4296 578
6854 1230
1787 1181
2729 2506
5257 874
6100 2100
5048 2130
3742 1729
3611 390
6404 421
3680 1601
5647 2374
533 236
4190 253
2893 2097
2914 181
813 1966
4859 1871
6163 1910
620 281
6432 1069
8250 114
7448 1276
4414 1953
4942 77
7005 337
1774 146
1442 256
7565 2164
7692 767
5038 2139
520 2492
2764 1541
3658 1326
8214 1785
6148 1369
3688 2349
1911 485
1190 2143
265 600
2170 1516
6482 623
8091 2351
3423 342
7053 52
7227 533
4501 2023
1494 703
8002 1794
7987 2054
7013 381
3289 1781
1246 1894
3038 2551
6045 1781
8183 651
7367 909
8056 1374
7418 1895
3351 1500
1184 1071
5137 1472
2391 831
2781 1172
680 1101
5056 1304
5264 2254
2334 5
318 460
4864 1308
5650 1488
440 1912
2136 1255
2881 272
5022 457
4506 108
4042 1319
1720 1289
5728 2365
7732 2510
6649 1082
2852 170
1271 2035
1216 1349
1215 2365
2233 1917
622 1535
3755 1393
8181 1213
315 326
2185 1623
1279 318
6395 2070
790 806
3638 1513
3462 2005
7314 2139
2293 1867
5804 1973
3461 1053
7548 1703
3656 1734
4234 18
1376 397
324 1911
6168 566
4605 1033
2704 1200
7373 1560
6500 2119
5639 1394
3774 1043
6932 1944
258 616
6588 1707
3943 736
5326 317
3715 340
5302 465
2945 84
2538 901
1421 701
1738 2413
8005 655
7182 650
4581 724
1420 801
2585 2402
7968 636
2930 350
4142 615
5671 2063
3091 2535
3495 1996
8038 373
6073 779
4789 971
90 2162
3123 53
752 1525
7638 2417
5941 2104
5225 1979
7633 765
7999 255
5526 1098
5108 2485
819 483
2610 2200
2471 2003
2534 1667
3629 1677
2884 503
3479 573
5889 666
4822 1009
8225 1411
5359 2290
586 2084
3537 508
531 512
182 2230
6054 2124
799 1897
6948 2137
6556 419
7467 135
5575 1160
2688 1350
5836 347
1014 2027
7934 1387
4708 110
2319 154
3098 2284
3813 534
3493 368
279 370
6825 689
6801 1577
405 1329
10 2334
1534 161
3545 296
4826 973
7901 267
7291 2478
7188 2343
4028 1694
1644 1948
3042 442
6988 1865
4560 2099
1069 17
6411 1627
7521 1410
4119 1737
5997 71
7423 1925
5175 357
3087 2483
1795 355
3007 1941
5030 2336
5269 1567
7922 1729
5952 1322
4369 2241
461 103
6388 2224
3410 1719
3834 12
5603 2055
6207 52
429 607
2446 763
1567 171
4752 846
3358 1324
7364 2387
2238 2071
4406 1495
4557 543
7411 1582
3368 1117
5794 2080
8185 2438
4162 1204
4455 492
7995 661
616 281
2029 77
5529 1369
801 1574
6683 1330
721 396
7023 338
7170 2012
131 2311
1824 1853
444 1665
1363 966
6565 307
3653 2305
3669 1307
5543 2485
134 1595
1314 1674
5381 64
4302 395
5540 1848
4936 1485
3716 1850
8061 893
4127 1606
3796 1341
297 1400
1475 2251
7653 2229
3219 2241
5506 2385
7344 1611
6406 2083
5503 1365
3794 2369
96 2406
927 572
7002 2362
6849 1306
2206 2324
665 285
4134 1767
3986 817
5391 1581
1427 2209
7171 782
4331 1738
523 2212
5777 430
5995 2020
4151 2392
3915 2050
3469 754
249 647
8195 2492
7341 862
6921 1758
5209 861
6334 128
2453 2360
6296 1897
3408 49
1652 254
113 1508
6853 1749
1079 1613
5349 1554
859 970
7260 788
6217 2127
5576 1146
1476 1364
1687 1112
2281 142
5116 386
5868 1300
1416 1589
8366 2000
92 693
4876 2245
2023 168
1437 2469
5208 1136
5245 952
7853 1685
4372 2413
6466 1953
1192 323
7130 1118
3074 1132
2635 640
6549 2490
3496 1229
5935 1784
7765 63
2698 887
8043 208
225 2072
3663 1408
4963 933
1298 1906
7589 20
5215 1432
555 1077
1951 2225
1497 1265
4385 810
8286 1522
7672 1170
3346 2015
3503 2404
3795 2223
111 1012
7878 72
5013 2495
644 911
5380 170
7965 129
5747 783
3156 376
860 1439
3552 212
7981 1129
4115 1820
6035 360
2450 795
7781 738
4772 2291
8024 471
5041 1832
2974 2221
5844 1254
608 404
1769 2440
1440 2072
5690 727
2130 2002
3157 671
6113 718
4120 2504
2322 834
4418 1708
1434 2396
1156 1460
6812 868
8280 971
70 717
2040 2347
4306 692
193 1466
885 341
6781 652
5073 726
2874 427
1987 1934
2217 494
5158 552
4466 1047
2321 856
6102 2512
7345 208
8364 1672
7679 154
266 1863
1062 418
7691 43
2825 1193
2739 574
645 931
6810 2114
1307 2566
5590 1566
2189 848
8009 1100
7441 1666
892 437
5330 1509
2278 2411
4956 2550
3928 88
293 2156
3378 2352
8129 2485
3338 1672
1538 1291
3811 530
2195 1487
1119 1571
3237 435
7864 875
156 2192
2696 682
7200 876
5353 52
6164 2203
1854 789
4427 288
2550 1858
4452 1679
7512 1763
6399 554
1838 1590
3797 2127
7234 2404
8304 1454
2624 1815
1758 525
6248 1566
2324 1973
712 2198
2828 299
564 2524
63 1751
8039 1844
6762 1824
7598 28
7813 483
8028 1165
3145 1588
7409 1618
6255 1291
4170 1741
2676 772
3294 281
7846 995
4245 2056
4821 75
5397 197
4550 734
237 2142
5853 2548
5332 1712
1262 1239
2123 517
6414 419
956 1204
428 2370
2812 97
7061 276
7797 1542
2164 2391
3991 1841
5434 882
2197 380
5669 711
5510 1617
6040 1089
1465 826
6287 2375
580 1524
8216 2089
5140 2217
1852 1781
778 2010
2837 2417
446 1543
1699 432
212 2407
3173 314
848 2554
310 222
472 2524
476 1644
5807 504
8380 1003
1451 1888
4855 348
1088 474
7533 1102
7861 2467
8105 1134
2265 2240
62 2204
1925 925
6552 305
7634 715
4154 2528
524 134
6742 1010
4658 1763
28 242
1210 497
607 112
4622 1238
5001 2049
4836 249
2827 1752
7455 2457
3851 1846
8371 168
2113 1816
6234 2302
5655 168
3238 1200
3996 45
8318 1329
5582 1232
3984 2402
7054 2428
6590 2101
7403 1861
6377 1429
1300 628
5095 590
4041 1899
8051 1984
262 2081
1059 2492
4015 5
3216 544
1551 2211
5830 1462
3690 618
8358 1578
4020 926
1031 679
558 2403
5619 294
407 2374
4383 819
6453 1545
1085 2467
5799 1682
2412 1779
1257 1749
5976 818
3595 913
7089 2250
6682 2182
4905 1008
1822 2535
5626 1139
5609 2510
2786 574
42 1669
4900 229
7158 1471
4983 2313
2976 1103
7923 734
3224 805
3388 932
4998 2041
6365 2507
5634 2323
2621 2285
6910 1105
4827 10
3001 1906
1611 1457
466 252
7992 1352
926 1035
254 2476
2761 1168
1045 2425
3881 383
76 1797
287 1302
3721 1942
5109 1551
1082 2305
2771 1078
6629 1219
2722 1959
4384 1015
1067 1377
4720 503
4199 1967
3162 2236
6402 152
562 607
812 547
4459 636
6383 986
6331 608
4552 2443
4764 1946
8119 1519
7500 885
5104 2050
306 2113
4011 1323
8288 2221
6888 1343
4947 1886
6542 752
1446 478
5813 2464
7969 2146
3446 221
224 1394
7025 1252
329 1457
7388 2515
3399 1786
2968 2054
1572 447
5423 1359
5790 1596
1369 451
2587 1256
5265 1758
615 183
5613 1163
738 2034
5019 641
5092 2506
4184 1847
7196 1270
1866 1517
336 21
2935 1064
3882 1861
3011 1929
5932 1449
2230 1730
4266 487
4972 151
7082 492
7150 763
1985 2109
191 2297
7839 216
7302 2034
6302 2011
7656 281
7369 620
43 1361
6440 970
1227 1693
3644 1368
7193 2169
3312 1769
379 2092
441 2214
7201 2240
1043 2267
3867 2129
1883 306
3033 1208
6732 315
4458 192
8224 1195
4430 2321
7347 911
4496 2211
168 1120
3548 1307
537 1126
8269 2225
8211 1688
3568 750
7778 1722
675 1619
8353 662
5789 1270
2618 1960
4931 2399
3914 2454
5964 2100
5029 988
1597 1809
7273 1675
6865 827
87 70
5087 740
7325 1160
676 352
5239 273
3290 1620
7985 297
6218 909
2434 11
7457 241
4844 593
3967 2283
3593 806
3968 2122
1663 1886
1036 1822
5365 2189
4446 1470
3202 1276
2898 785
292 1744
2140 2299
290 2519
4476 1146
5246 2369
4863 331
5176 931
4577 2261
6752 469
2562 245
8135 2063
7157 1862
2224 2565
3030 37
6591 934
6069 2373
6575 738
1963 415
6958 1716
8239 1864
2801 845
99 2019
1345 858
7597 566
3571 68
75 535
4160 1596
8025 240
2064 2152
7145 860
4664 1362
6975 975
6524 1530
2540 1320
5768 66
1813 582
780 2114
8299 25
653 1872
890 1681
2575 741
6934 18
3008 2465
2973 1635
4854 62
72 1337
2274 763
2112 1533
7304 1952
7097 980
6199 691
4045 1150
4319 139
2664 301
1212 1792
2537 1208
4003 2201
4260 1957
5458 402
7954 893
8330 22
2598 2471
3428 485
8361 1970
1659 866
3075 1461
5039 1314
4701 483
6233 959
1025 2324
3838 1613
1713 1526
2467 1790
3485 2547
5350 1398
1383 1286
2041 692
6192 2408
5778 1244
4005 36
3393 2528
3380 967
2478 2534
7068 2085
7362 491
2556 2217
4585 203
85 83
4183 762
6360 1175
8170 456
7329 1496
47 185
4027 130
4678 509
7914 1145
810 560
1139 2417
548 115
7666 2174
82 1143
5063 1182
7582 848
216 307
7894 730
4657 2313
7323 2562
3617 970
6042 2140
951 1601
206 1855
5181 1370
3581 2348
3542 203
1910 1837
5025 524
53 1295
2769 2050
1664 437
7202 1768
8226 122
2960 732
220 35
7786 294
2923 282
2061 2399
6827 1319
7759 1181
1996 1011
2492 707
661 2427
4223 1045
7815 215
4948 2308
234 1420
1997 2008
6241 566
1679 1015
5438 569
3921 1311
7956 1653
3499 878
3603 198
1305 2387
7386 1032
693 2310
482 1445
5055 706
2545 1187
5283 694
3746 2091
1788 927
4103 2504
4721 1685
7906 620
1531 1873
3340 2160
2783 1675
6859 2069
499 655
71 903
7175 645
6478 864
4285 2228
5401 1353
6435 434
6507 1063
5711 23
5145 447
651 2462
2920 2156
333 1828
1368 2451
211 2145
7478 1326
5631 2130
6803 1798
3918 1701
2759 2506
4382 1242
6783 965
1978 1693
4440 88
2964 1150
5630 1871
3392 842
8128 2556
974 1589
6792 1186
7507 1945
2485 1270
2633 345
4750 2070
1444 2534
8217 881
6873 1493
5165 544
5120 2463
6763 1637
6178 1235
1576 1885
2582 249
3896 2274
3213 496
7445 1876
5084 639
6049 1013
332 2190
8035 34
1101 1219
1375 441
2707 937
6267 1635
1882 782
4846 304
2793 1055
2187 1299
6966 754
2542 1831
7375 1121
2568 2160
2823 1143
7787 2366
7982 1609
764 1453
7425 2365
6680 2551
7823 1507
2438 1013
2972 157
3539 2441
6652 2294
4251 92
4653 1923
3732 1946
6748 1274
5003 105
4457 1286
6665 1481
3801 2078
6525 779
3494 369
2244 509
7771 892
1654 571
3720 189
1657 1118
1183 1000
296 1620
1995 99
4489 910
3631 835
3444 2259
950 448
2548 1018
6606 2266
423 1249
5911 898
1886 511
5887 1347
7858 1895
3640 781
5839 1617
3745 2427
4377 1847
299 2163
5295 2498
2122 219
7805 117
6628 455
7827 1170
8337 1299
1984 2468
5534 507
943 1924
7334 2033
402 1581
4798 75
4264 175
8021 2190
2014 1444
4591 497
3783 2285
2028 1673
3989 1703
25 925
1865 934
7229 1069
4925 86
2380 873
3926 688
2280 1073
5148 211
4952 2515
5399 274
4395 405
3331 2225
3628 1878
5310 2561
5602 2446
97 1866
1182 1964
3912 532
1862 2469
7854 1511
6150 73
8335 2454
3459 1113
614 1260
7911 1527
3474 1430
2557 31
6845 1541
2413 2061
2005 1378
4542 30
4373 1121
7757 708
4338 93
862 2027
430 660
5881 512
8078 2164
6538 330
6333 2328
7181 2281
202 1909
5968 1589
7011 741
1624 465
3560 2176
5240 107
6798 2162
4861 618
2350 1899
5 1751
1752 155
8329 1835
6771 653
8173 502
8301 1596
5494 2179
2657 1605
485 1336
932 1901
4220 2253
7938 1112
2428 2542
6593 2475
4344 2525
4205 198
5207 2566
1166 616
6970 2221
6476 2523
5443 2437
3859 2348
3130 467
6226 1390
8161 2372
6252 883
4974 559
6097 1703
925 934
5923 935
2071 774
4725 2421
8108 2302
724 555
4753 565
4530 550
6498 1671
3998 925
4738 489
2683 1905
6976 1347
857 400
4371 2145
1630 1526
5027 2400
4182 241
6503 2179
3137 742
7419 2043
872 2247
4845 281
6526 2398
2594 1265
2875 2133
2020 1157
135 2424
6837 1101
6421 2428
2182 1983
4229 2450
3198 550
1717 742
5270 414
3269 1093
7103 1871
4984 1265
7674 1710
7904 2403
3972 2020
8156 2214
1217 1045
1565 8
6244 763
65 740
6278 1732
967 1922
3124 1087
1666 648
1253 2328
4435 754
4682 8
7978 1714
3484 478
4425 795
4150 1025
439 488
6098 1199
2152 1539
8042 375
7971 708
7573 496
861 2330
570 1018
5099 1612
2670 325
6655 1872
1153 2552
7481 1404
7535 1167
4574 1785
6436 567
6483 65
4778 1120
5178 1077
2475 1078
5966 2545
3965 2367
5910 1962
1640 1468
2838 790
4060 39
6852 2029
5610 2089
7412 1522
2316 2399
5547 1176
5303 2007
3988 1769
8325 1869
1898 2285
6024 2353
7461 1201
6741 656
3864 352
7766 1558
1884 1588
4536 237
2290 1119
1850 835
1844 1241
7958 2219
5312 137
5069 309
6106 1108
7009 991
7065 330
8310 1131
7093 1448
1853 1729
4592 1741
7616 1812
572 556
4325 1039
6186 360
1986 1645
4298 112
2760 1143
1303 1847
4153 364
5627 1207
802 1463
2497 1276
1147 426
1711 140
6337 877
1380 2469
2215 847
205 2170
2268 533
6372 1385
8251 2084
7428 444
775 2550
706 326
6796 1384
6258 1666
5439 1548
5527 1543
8386 828
923 1936
4238 2380
5838 272
1146 1667
1473 517
6174 823
3868 1912
5677 2171
2816 1438
878 2156
1021 2170
625 1695
360 1126
5960 125
3052 2176
807 1492
5505 2089
5060 2367
2239 868
3100 2256
7317 1498
2778 1248
5138 1427
4740 1133
5623 160
4953 2394
1563 2288
1191 1461
7588 262
659 395
6089 569
7593 210
6368 1706
4231 534
3916 2474
4937 2257
3321 2560
948 1560
5837 999
5107 2118
619 1251
1229 1220
1536 1860
6785 347
7719 1673
1635 2334
5931 57
8313 417
3667 433
2339 41
4335 1945
7287 416
7162 1826
1321 2194
2906 1493
7166 1912
3210 1451
6558 1132
2292 1369
7452 2145
7654 1274
2063 1692
1601 1606
7746 650
44 774
3197 1103
2056 968
4391 417
1073 504
6437 550
7754 134
7111 92
6681 1152
6654 191
779 2344
363 2081
3800 1588
7871 1204
5412 2036
3784 444
2916 545
5166 1750
628 13
6832 923
3179 626
7197 2103
1270 2509
5727 47
7059 2038
924 1567
2680 1652
500 1621
2165 1930
2767 1860
2181 1097
8064 2466
337 1343
5449 1360
5331 1761
6211 2017
2137 2380
6384 248
2361 1721
3524 2299
1318 1296
2797 365
3188 1489
1691 1556
4472 2350
5305 1058
7293 1099
1964 2272
2221 1800
2807 1206
7559 2404
385 733
140 648
215 1243
1881 859
3540 205
248 207
6816 921
8373 1444
308 1766
2856 2015
1891 686
3425 1821
4201 107
6400 1287
8034 2171
522 659
6286 1206
7707 1681
2700 2254
2716 657
1441 2073
2482 2203
6358 2353
5758 2058
873 1899
6034 1806
1457 682
6318 1302
8098 2492
4429 250
1789 2420
2570 1172
7748 722
6672 92
2271 2564
2790 1319
3072 1218
5103 1346
5096 163
6093 2508
5361 1537
2309 480
3064 347
2648 210
7174 1110
4527 2296
3724 2476
3203 93
6607 1393
5333 1648
8233 72
7144 941
2456 2396
8115 182
7553 2038
5586 562
2558 1753
604 2171
7475 1820
5629 293
3254 514
7311 94
6340 1642
5465 389
4541 1938
1811 1677
1289 256
2034 1717
5284 1955
6009 1660
995 590
8314 1288
4602 1136
6955 884
3973 1153
4677 1461
2552 2309
7784 1270
7331 1559
226 26
612 1550
3200 1884
6277 1779
2093 2005
5507 815
935 2542
4590 422
6473 992
3357 2361
3005 1490
5987 891
4358 1836
678 2219
4815 1604
3779 1047
470 1539
12 2335
3457 710
1693 76
8031 643
3447 2040
5734 2268
2101 3
4294 1280
6314 2044
7034 2040
4475 252
2177 1580
4006 2106
1510 7
5123 2245
4479 1951
4499 1499
4856 351
6578 1809
6916 1954
4084 2527
3733 1083
2100 24
6425 2353
5131 1320
1965 1437
2932 889
1048 1527
2993 1764
1384 403
5129 994
6604 2152
37 1812
6343 469
881 1586
3898 1887
3191 1761
5916 1182
4473 967
3874 776
1802 840
2196 2058
3078 1954
7484 445
238 631
976 1222
7489 1110
3862 489
985 1632
1805 355
3205 1021
7128 2273
231 2447
5139 1015
2402 1853
1642 1032
6116 1736
6387 1872
2310 1214
3471 1654
5300 2421
6086 585
2092 589
4954 915
4069 780
4037 683
6513 215
7222 2168
4570 2497
1385 376
7897 2211
2115 88
1281 2296
3770 1410
256 99
8146 1631
5256 2112
4608 1906
4878 2430
3440 348
7596 1206
5558 2351
1264 1438
6133 116
6206 854
2831 920
2173 1897
7169 506
5834 1346
2861 711
2509 1439
6481 1587
347 2324
3055 878
7165 386
4797 2556
6103 151
6786 2235
3574 560
2994 1452
6909 1151
7659 683
7845 2352
2429 988
4155 1886
7888 1001
1096 130
1791 1528
3106 2381
6605 2024
4705 1746
230 1725
2231 2012
2199 779
4732 1313
5451 1670
6492 2265
1982 806
7877 1377
7504 101
4239 463
3161 535
1026 187
4794 1778
1268 1284
5822 1759
4396 1827
6576 346
6183 630
3597 195
1187 547
6630 2141
1080 2408
4004 1416
3714 675
4710 38
2240 2250
4270 1300
4537 2528
566 558
4 1789
4157 2202
7621 86
8306 941
4699 596
5066 2341
561 427
4032 682
5154 230
3101 65
3619 1546
6501 466
2691 112
7603 10
6194 1273
352 2271
8363 268
1634 1183
1112 181
4122 922
4596 2316
4374 1602
696 2313
2141 1328
4569 1656
5538 639
8067 2167
2188 2512
464 1203
5358 1438
2205 2014
5354 132
2420 1212
6115 1243
4785 1752
6391 1982
2225 689
4488 522
7444 1147
4914 64
2423 705
2447 1243
58 1985
1413 256
6092 954
3002 846
8223 140
1064 1084
5877 1232
6256 1006
3397 1907
658 927
3913 1629
3700 2011
3027 776
1044 810
2203 366
7677 2465
868 2008
839 1778
7001 1128
7727 2
1859 1002
6325 765
4981 563
6869 427
5818 2068
3846 2124
6618 2112
2306 799
8177 1750
3225 1279
5394 1248
3704 2300
1143 1906
8163 1574
6774 1661
3719 1279
4133 1805
2052 482
8052 1511
3274 1590
1405 2074
1105 872
2742 845
5699 735
6096 1718
7830 737
3855 2543
1980 2072
5230 1654
392 910
6996 1608
1945 2102
3823 2398
7437 2409
2603 79
5726 1438
6366 2089
2262 916
5644 21
7028 1355
7769 1050
3666 1296
2870 1534
2084 865
7192 402
5819 757
4290 2497
4559 1527
650 1484
2661 2141
3267 2389
7383 1608
6495 25
2518 909
7402 1203
1194 2207
2986 2439
368 1295
2146 1130
5010 1412
7057 1326
3806 193
4579 2432
3802 1539
2924 272
2098 2567
6867 456
2312 2326
1121 2102
6061 981
4790 757
7517 243
4834 1775
5745 426
86 1091
7531 2487
2720 606
5461 636
3439 2292
8253 1115
3476 257
7809 1742
4729 1339
384 2134
7163 1262
3445 1915
713 1476
3377 985
150 345
2615 1507
765 2565
6913 1464
5344 1004
1749 2377
126 2429
1120 1577
887 777
2343 1091
4523 2223
8029 864
305 1397
388 209
1718 1204
7973 2190
4404 818
2714 1800
5020 2287
6924 1123
5237 1223
3674 780
1594 1227
6584 1895
1277 343
8290 772
1725 703
6019 809
4494 2529
934 2408
2595 1265
1584 430
4106 1681
3327 358
1750 215
3521 1091
6840 1454
7536 1996
1880 1397
2503 837
7879 1982
4946 2471
6889 982
6750 1646
5238 508
6403 1963
2628 102
7164 619
6563 428
3843 2183
8120 1631
5614 1112
6688 2367
2058 691
138 2518
7482 2219
3587 1272
458 1176
78 1368
2291 2272
3976 1833
3987 1784
6471 1608
6740 715
6330 2567
6046 1426
4177 1965
1673 1606
5280 2071
8356 450
7080 624
6964 1438
4824 1806
3788 1595
7379 1948
170 2245
2320 2439
3026 935
7921 2470
6767 2295
7975 1574
3625 2281
4640 1549
917 749
6579 1576
3192 717
4035 1878
1195 2504
6090 2183
7617 917
2406 1407
6731 1991
7194 1078
3029 41
8312 867
3119 267
6824 2495
8381 2406
5946 442
4388 914
1443 930
5274 2312
7131 1637
192 1370
6292 1502
2627 1965
6557 667
361 847
3382 2422
5757 2395
3754 703
3344 1978
7099 2536
2325 1268
3025 793
7290 191
5553 2426
3050 538
3902 1066
3245 199
3004 662
4143 2223
6169 1066
5446 34
3147 1011
2375 527
5476 1045
5808 1694
7132 1348
3841 1670
4767 2447
3413 1146
55 348
2515 1097
2903 775
4807 811
7421 1325
2414 1502
1482 1802
7713 815
1513 664
5287 504
6273 719
8248 2179
1256 250
3609 1545
4965 2390
3785 219
2328 93
6001 1395
3911 914
229 1926
729 2337
6903 2547
7873 2259
6172 1875
2090 476
6204 1656
1588 1298
3295 551
3159 1389
6315 2489
6719 1141
5453 1207
5569 166
456 530
8192 1508
4693 1059
647 1836
1994 1926
1937 1233
2725 1350
6347 287
48 1182
883 2149
7066 1376
1574 1795
373 1319
1603 1616
4349 262
5040 2031
4128 1863
377 1068
3448 158
6657 658
7138 1499
6127 1653
4739 1874
6850 1713
2747 1124
7524 997
5738 1441
8093 887
4604 1419
1051 2348
3069 1298
1037 1649
7279 499
518 1240
7663 1327
6638 2191
1690 350
4125 1310
3939 1719
1893 203
5909 194
2583 1569
291 526
6405 1723
1515 1087
3250 2162
1746 52
3458 489
631 1755
3449 2412
8013 256
7562 1414
1355 1043
1149 2009
1360 679
4052 594
3876 1931
7440 771
2953 1497
179 1019
2166 2165
5298 1212
690 1498
7359 1822
3693 1953
2988 2503
3908 2186
4610 1674
2297 555
3847 1812
7744 1697
7079 2194
4381 1425
7925 623
992 271
4085 990
8351 1619
5032 392
5267 1344
5632 1892
6393 1503
6151 1464
465 2499
1976 1601
1579 2547
3957 2419
1902 1351
7443 1431
2077 1145
6962 609
6535 2201
5337 1868
7842 953
3394 445
5611 379
5432 1402
2422 652
3749 623
754 2408
4242 180
5479 1393
6439 2403
1549 1619
4495 614
5261 1026
7933 191
2586 1625
8344 290
910 1977
8048 408
5574 2197
2235 1537
4898 2453
6225 702
2289 1233
7586 2196
6862 536
740 1419
7029 1071
6322 1600
1165 923
4065 617
3409 774
7485 1736
74 1758
4565 1944
1222 382
434 300
5313 582
735 1842
1169 776
5301 1545
7322 1888
219 719
5017 1393
699 1586
6295 1165
6609 2245
5674 2308
7994 91
5184 1041
688 2223
1649 1284
5665 1975
718 1495
6237 1172
634 2510
3324 1973
5363 1475
5942 6
2574 162
3504 442
6506 1695
6547 1483
7736 2274
2156 944
4562 1841
7629 2023
7083 1590
2569 1672
2842 1208
3293 1815
1782 1931
4873 1444
1547 1775
5829 463
1828 1426
3622 1062
6691 911
8212 2027
1842 1032
348 1967
1097 1442
4255 1486
648 2054
4007 683
2890 2028
7499 404
4456 853
7102 2437
7265 285
5113 66
1324 2399
8283 515
4567 2524
2276 26
7868 765
6485 2177
49 1255
6378 1470
1238 618
2407 167
1845 613
2614 225
1892 1244
7605 1160
5231 177
3890 2021
4683 259
505 299
3837 755
2958 1124
579 1345
6452 970
6121 520
7662 46
80 1133
106 807
7798 262
921 2433
5235 2344
2775 1730
1286 2072
3910 2387
3356 684
7094 2200
7387 2040
5578 727
2183 1083
6915 1016
568 197
451 1370
2208 539
2505 2216
6047 2352
6303 1535
4274 2458
7721 440
1294 502
3582 1734
641 1157
573 1591
1185 806
6350 2447
979 867
2026 955
1151 90
7310 1091
4379 2158
4179 2220
1084 2221
3171 754
3691 1337
6868 311
2257 26
5105 1989
1102 941
5741 1943
1608 381
2463 153
2989 1506
4194 2222
4221 611
6586 2431
820 2510
8145 163
4171 2271
2251 61
1735 104
3480 2449
1776 70
5713 1575
7004 1556
742 955
7564 1240
7870 2528
5530 148
912 1764
5648 1424
7566 1331
3383 1553
7262 616
6281 2467
3067 214
8294 1155
6005 985
6799 484
1968 811
3578 1193
6369 2548
4926 2184
6454 2563
5620 1035
4008 747
2578 16
722 2156
4966 1075
6508 1981
5622 306
84 769
2017 2321
4092 555
5779 1321
2301 698
7678 2167
4421 1689
3381 427
662 304
6401 66
4889 2319
5785 2548
1269 1056
3842 1327
4068 343
4097 395
6245 615
208 917
1276 1888
3326 1898
1519 1138
5404 1376
5392 370
4036 2505
5444 645
481 1623
6326 2181
7760 26
6028 109
91 1086
2792 372
2253 2448
1058 962
1904 2094
3711 1362
2102 317
4329 1766
919 876
7689 1426
1674 226
2469 1765
1577 1394
7637 479
1790 1174
1894 1779
5717 1707
4159 1037
1261 755
1304 2020
5742 212
5146 1594
1954 282
1027 987
391 1569
94 1953
3441 2490
7943 2455
1337 2508
245 575
7872 638
2607 2137
7384 1206
4062 711
889 2345
1670 1028
1223 1127
5325 1540
3789 2102
4933 2
6923 1792
8164 2089
4722 2420
412 2559
5492 2246
6684 370
5783 1038
2348 1388
2383 1587
5244 2385
5821 1994
6965 86
3780 1661
7747 2027
1489 1472
8077 1521
7924 1621
2368 667
2999 1077
2576 2385
7783 548
6354 1380
7276 212
7462 785
823 2523
2367 50
5194 2373
2489 135
5846 1624
4320 102
5254 9
2690 1724
5906 78
7486 1391
1860 773
1295 1052
870 1891
4464 1367
3969 2549
1398 2275
6515 1711
1592 460
3710 198
1197 2396
201 724
3852 44
5532 1101
491 2374
3391 1744
6929 2305
1436 148
6079 1485
5581 1
3318 451
1867 2527
739 862
736 1702
7891 616
2853 1119
5637 626
2630 1293
744 2386
5462 1433
6139 128
7626 804
4671 895
784 1245
6220 1257
5162 302
5563 2478
1878 742
7700 1277
2396 1473
6659 645
4713 1512
7160 1187
1743 1161
2342 2354
7642 916
7860 1722
7619 84
2128 1591
7404 1998
3718 1334
4043 1428
635 1357
2364 1926
2461 973
4334 1847
163 1807
2788 373
1335 832
7567 504
1662 2444
7327 1869
7579 2299
5036 165
4333 582
1167 1484
2416 1373
7458 849
6064 637
5067 1030
7078 1937
6058 1767
4247 1672
6887 1577
6805 815
6409 1405
1438 2516
2922 113
3342 1534
2782 635
999 274
4543 1050
8017 1834
5501 1074
8309 1074
3231 868
2131 487
7649 2516
102 747
3963 1225
1466 2520
7320 1132
854 2312
2701 868
7960 2544
7115 1303
4393 1493
7855 834
4583 388
1856 599
1235 1299
5468 1904
242 2025
3598 677
2802 494
7167 1554
7883 1901
6580 273
152 2343
2499 1045
7552 1571
118 973
1912 926
4067 563
5835 2053
595 1246
1128 594
6818 379
6861 1573
5597 194
2954 2124
5875 381
5608 1689
502 1730
1072 1918
5111 2349
5279 1760
7745 1233
5212 1147
4110 2121
3433 433
5560 93
1399 1826
4288 430
840 498
2119 2413
669 1492
5684 1358
5077 1423
1218 2339
4661 166
4316 757
5737 2097
4700 951
2345 1235
5071 2111
918 739
939 1015
2378 447
1388 472
7856 364
4098 85
3696 4
6039 968
5015 91
6879 875
1889 1430
3049 33
4169 1714
4104 831
5023 2097
626 1782
4507 206
8174 1934
6894 1672
8172 2120
3561 2413
5112 2102
4209 1824
2833 60
1113 110
567 1909
1799 1704
978 1426
2933 406
6364 152
2811 91
547 658
345 1815
2267 1367
1469 1066
4002 1318
6844 966
513 2045
1920 2059
7033 2462
4804 2527
6974 2241
3826 2350
2710 1101
4544 100
5059 876
7125 2233
1320 1970
4907 1469
3765 655
2298 1308
2355 2269
314 1379
5856 132
6381 185
2421 1333
3624 1123
5460 372
1098 180
350 2141
2772 1868
5357 358
2896 2057
7298 148
3054 1435
5211 768
6967 2162
4273 1466
239 1788
4888 2525
6564 2113
1950 1961
5767 151
7040 1594
4049 2479
4138 1748
7643 1945
2118 445
8049 2447
7350 2281
3808 2303
2629 445
5234 134
1474 335
671 1929
5405 160
632 1165
5682 1975
6725 1053
6950 2087
1681 35
1818 1532
1472 290
4164 1732
6240 436
2996 2162
3738 1440
2129 2460
1872 526
3531 2549
3468 2120
2091 263
591 1624
4606 2274
2354 897
511 1088
8011 960
2507 1895
7967 2299
3799 2022
273 2506
2705 65
1308 2183
4390 20
2440 161
4690 513
6380 2155
5774 2378
2151 2272
6678 2042
1189 377
3066 756
2050 1838
4400 754
7920 2428
5869 2126
4063 317
7465 1248
2647 1848
495 1205
6636 661
7007 1773
7032 1143
6896 362
4663 543
7865 627
2070 2544
5263 1475
8143 1901
7361 354
1835 2137
4810 1271
108 624
5320 431
8000 2537
2207 1700
4990 281
3974 2540
338 527
1707 52
5662 644
7016 1995
1490 1415
1888 1733
4449 2304
4474 2407
703 1081
4375 2371
5786 1228
3815 1371
7822 1781
4651 718
3668 275
4149 1214
8257 2433
3114 1779
4881 872
5973 702
6717 1047
3532 975
3278 62
272 2074
962 2350
2895 1750
506 1373
4783 1512
5817 562
3398 59
817 1800
6647 1146
4993 583
2174 635
5930 1382
5885 520
8092 1793
2491 1121
8345 1272
35 1250
8349 1094
3006 424
5604 2420
5513 582
7043 424
6528 684
7940 39
1077 1180
791 998
757 479
6280 1220
4773 218
8333 979
51 2163
5795 1554
4643 2367
4481 1127
4841 212
2623 563
1107 83
7459 990
2522 2536
8065 2491
6931 1313
1607 2484
7840 272
2882 40
5413 1657
5823 2505
4174 2337
1104 1499
7392 1251
3771 179
2981 2377
3573 2257
5571 1133
3103 1184
4884 1858
4187 1076
2442 327
6349 2462
5810 1030
7255 938
3944 1262
7770 868
5805 1298
767 1372
5159 1561
4726 803
5315 173
691 1638
3516 2310
2517 1950
7728 2234
3475 254
750 1174
5101 1383
6694 561
6175 1322
3047 195
1833 796
5172 2143
4437 1345
3341 167
3023 1411
4413 1921
2885 527
1351 1407
3936 517
6143 2281
3880 130
2943 1272
419 1025
7979 635
6518 642
3893 1477
3633 316
2138 470
1003 2560
4308 1211
7226 2436
701 30
1870 686
130 714
3519 1177
998 1274
5667 1810
5296 2396
6928 1420
5440 2324
593 80
5367 1530
1373 534
5114 1668
4647 1427
6118 1351
5393 1061
2459 824
6858 695
2448 1556
8256 877
7245 2457
7378 1016
5820 814
1554 2368
3591 646
1655 1765
2789 290
7070 1648
2331 1257
2835 2042
41 2490
1211 2440
4538 2068
3610 1825
1480 302
7248 942
8131 589
7508 1049
5516 848
1057 383
3850 1867
5625 2165
1214 2331
120 670
866 245
1955 327
6238 75
6777 1268
1631 2039
5360 685
7927 1989
2577 1978
2756 1186
2912 348
3372 130
1174 1804
1590 2424
5984 1880
987 329
6030 1776
1483 253
7581 1484
6823 1108
4378 2370
381 2367
4330 2477
7594 2267
5570 721
6345 2230
3199 682
5065 1618
5901 465
8346 1605
4912 1568
2579 2278
2815 930
2366 2563
8126 107
3235 1143
7503 451
50 1068
5219 1947
1806 1359
880 640
5991 2540
1526 1199
7576 2445
3763 1255
4176 1193
2445 2265
7986 1668
8315 1179
5792 2460
4842 872
3527 311
535 493
5545 189
3654 651
3472 264
6611 2296
4281 840
4346 1059
7847 1262
2970 1073
2303 2111
7277 355
3268 1414
7889 1201
5983 858
95 1434
7353 1090
8200 2561
5998 1239
2027 183
1942 625
4597 554
4217 1487
6505 1627
4874 2054
2157 1116
2054 1486
6309 1438
7816 703
1040 1463
7204 177
7601 1204
3316 1464
6704 985
319 1065
4853 2007
3019 1718
1255 1992
7892 504
7195 2054
3758 571
1727 2063
5045 1309
2549 623
8166 729
3003 929
2441 2015
145 422
3594 1174
8274 1203
1952 1809
4977 2482
3218 481
3178 1316
783 1976
609 46
1265 851
2103 1297
7683 1462
8123 742
3155 2297
4291 887
6056 1893
1909 865
2580 425
6537 1928
553 1320
7918 827
3226 2243
2019 1026
2344 494
3775 1667
2533 1236
5784 1346
8319 898
7072 936
1709 1383
2347 647
5606 2515
2488 715
6319 1357
4304 2308
748 305
121 993
512 1635
2477 39
3558 2139
2791 708
6723 1409
3359 2536
3790 1792
8354 1543
8246 55
2143 1722
247 2117
5255 463
2750 1345
7555 1526
556 693
8050 2435
4483 307
991 460
7271 64
4665 570
2743 537
7027 1952
1178 1221
1208 2169
5584 898
6737 1041
759 470
7225 1044
2 208
1712 1549
8107 655
6935 934
4935 1584
6773 143
173 2125
4763 292
2942 1113
5580 539
8027 472
3817 1470
3592 2482
4061 697
7035 710
4195 203
1334 2524
7081 1459
7595 2172
7775 1631
4521 826
4906 1791
592 362
5994 188
7600 1601
7413 1440
5293 281
3056 2565
3489 1274
1761 1252
908 2031
8339 1922
2546 2560
3301 1603
2074 1247
2255 753
4018 71
7826 20
5100 1210
2901 1183
2820 261
6348 2521
1988 2428
2010 1923
