9166 6257
4376 1935
2756 5635
8176 3518
4033 952
5878 1304
1386 1956
4419 500
2292 6040
2579 781
7005 5645
1278 3421
9031 4647
7636 1868
7389 5147
3158 1287
8612 4270
4713 249
7967 5933
4452 3879
2903 1619
1778 3141
6831 2981
8627 3399
951 5782
2754 2866
1189 516
1838 6088
1258 1468
5285 5976
6974 1024
4448 2506
3392 1735
528 3976
6933 4718
4274 3785
2357 2960
6973 3257
5511 1804
6404 5435
7877 2243
4154 635
2592 3878
6734 1042
8857 2242
7772 614
4743 4410
7410 4210
2108 4777
7099 2973
5827 939
3367 2358
2054 100
8141 4318
59 4255
7153 4516
6426 3592
3655 838
793 2786
5598 2632
3428 5340
8682 4756
5574 4789
5691 3598
3153 3317
3639 551
6353 2249
2331 3498
1417 3252
253 1931
168 6188
8071 3809
3900 5183
2075 1148
6281 3624
4504 1938
5154 2124
7064 2793
2728 5796
1679 2571
7111 4342
3085 2741
1495 1057
7073 5788
1496 2786
5495 5173
5284 961
7412 1696
4301 2490
6081 5850
5933 3692
3159 2454
2122 5745
1630 5009
2731 3789
3981 4307
2907 2692
5962 1905
5116 4390
5632 3583
7683 2495
4750 3037
9145 4387
5453 341
1702 4457
799 438
4821 3336
459 2108
9114 3429
224 3724
7443 5338
7115 1504
7052 4105
2821 4301
2738 955
4070 1103
8997 4524
7336 635
5449 94
8805 4679
5707 5018
514 137
1338 5513
8247 2034
13 317
2474 6203
8792 369
1002 5380
7845 2425
8112 352
281 5184
6494 3747
2354 2787
8164 375
3069 5445
2976 1550
381 4884
8363 1039
2583 2231
1593 346
6307 6125
4106 385
7266 2606
8225 3978
5409 3072
4684 292
2792 2198
640 6236
4717 2024
7972 1278
317 477
7210 1620
787 2402
22 5200
737 4343
2812 3783
1519 6257
5080 5441
1726 6109
978 4132
342 5104
7372 150
4836 2854
7411 693
547 5742
6228 4264
6932 277
3139 35
6716 2605
5032 945
201 4126
2091 5535
8727 5183
1521 3511
2339 3341
5254 1899
941 6005
808 5453
7977 4992
906 2197
7648 3037
1571 1961
7206 1814
1293 1061
146 5165
8680 5720
7790 360
6541 1481
8644 5550
2860 4918
7723 3339
2057 2413
2584 5857
3908 4453
6083 1419
8426 4223
8219 1821
6060 4481
3120 5662
8893 2039
2929 708
8802 4086
4908 2109
2674 6177
8160 383
5527 2111
8221 1689
6674 3289
3932 3424
2936 6151
110 782
8981 59
4871 3691
6650 4470
7664 1641
9100 5669
5363 53
9006 1884
1328 3912
1051 3465
1711 3077
7394 809
2322 3297
8201 4369
1965 911
1389 5168
5353 3037
26 2975
2090 3486
8629 3644
625 3290
2144 1316
6037 5650
1146 695
5308 5668
8113 584
4577 310
2985 5017
2276 1466
4842 1087
2521 3690
7773 2154
6994 6171
6150 4892
8529 3738
2811 3005
2580 6000
6736 1737
4298 4625
5393 5026
1377 3925
5386 1082
1781 4975
5417 5176
3251 5554
3154 4429
1111 4318
2031 1035
3666 1621
8908 5737
8784 3133
2826 5997
5844 196
6284 3672
1065 3803
1757 2168
9094 5183
3540 3124
4523 490
4034 2767
89 4524
3684 5274
2828 3294
5757 32
7001 4269
6084 832
2223 567
8604 765
6800 4497
6586 1657
5166 631
8822 6088
2314 3744
3210 5032
8276 2207
8914 31
8439 2528
3654 4549
8072 2709
9022 1926
4816 6227
3811 868
43 1230
337 3344
8440 2012
8939 396
5065 694
2300 4586
1945 2810
7982 5018
5072 3878
9159 3703
7949 2749
2717 1148
6485 3735
8343 2200
584 1356
5901 1192
3385 3025
5684 2674
498 3174
8089 633
533 5455
8326 2415
8478 2734
6431 2008
2378 5236
2619 493
2991 3333
2240 5877
8979 4888
5890 3983
4190 5512
4046 2455
5520 822
7919 5828
7195 5153
4977 5918
1463 285
1716 5285
1333 2040
4747 3153
5701 5334
5330 5196
8797 1918
8455 5119
3435 519
661 4683
7237 2754
2425 1808
8156 993
3832 5329
5808 4959
2960 529
3034 4338
8062 4962
6883 1498
393 1231
4923 1680
1181 1162
8477 2404
8187 3718
6453 5268
609 1745
338 4268
1225 3519
7938 3941
6522 227
5026 501
8985 4186
477 3449
5526 6192
1847 1516
2259 236
7539 5471
806 6154
7055 5505
8456 4950
972 2415
1464 4134
6238 3187
2221 2360
1779 4012
872 6088
6791 66
4955 4604
6608 6133
5858 3741
6571 4634
5145 4678
9102 2836
8127 2992
6077 5986
453 4339
8223 6247
3272 3722
6833 3953
1245 3565
7271 2743
9160 3358
1420 5878
1807 614
4435 1250
7564 920
2025 1817
6543 2029
3141 5292
7627 3390
4473 5560
7754 6126
6931 5565
4815 1808
6636 1859
8874 2931
985 627
7792 1296
1653 2241
794 5883
2683 3639
7493 1023
1082 1693
6731 1494
8823 984
7286 3684
3619 1187
1648 311
4323 2823
666 1604
1737 3203
3095 246
2416 1918
1963 1376
8801 4687
9090 5424
5949 6115
5814 3303
122 5504
6195 917
7787 1121
7635 397
4547 4516
6942 5917
8045 5623
2145 12
7600 3273
3588 3151
6664 3563
5222 1997
1073 660
5403 5117
352 3077
7824 6253
4021 209
1683 1545
8885 2423
3797 3921
6222 1393
4623 1851
2834 4476
513 1396
3115 1565
1765 4375
1071 2667
7731 5145
63 5396
1790 1487
9111 1045
2884 1257
8501 2228
4874 1174
8642 674
191 1392
1434 5934
1092 5861
5478 4276
3600 5254
7421 4637
2564 3687
6347 1139
5201 3913
2509 2737
4071 5779
2817 4656
1971 2895
6822 2809
6597 3040
5339 4497
9058 3989
7855 263
2538 3229
2092 2933
6970 2054
1538 4574
6920 5751
2188 4005
2578 2252
4711 3230
4169 4622
2699 5804
8540 3999
7756 5262
6807 6032
4123 241
1006 901
3087 5077
6952 4495
8182 2576
3133 4772
2258 272
8140 4709
3979 2729
5754 273
7154 1474
2104 3284
206 1235
4697 1444
1171 3391
8542 5972
4164 3946
8954 2127
8674 2846
3576 1358
8207 685
4333 3117
769 2681
6487 4951
1305 2725
4893 6232
1430 3289
7969 3437
2852 3632
7455 2669
40 1818
6567 1289
1309 2557
1304 4570
2594 3942
1399 5645
54 3183
2023 2528
7637 721
8668 5253
7573 4362
3442 3916
8467 4389
1208 4713
1995 1164
2077 2137
6895 4954
8637 575
4302 2776
3969 4922
2379 3988
5499 1876
6784 6051
6984 3551
8267 4634
6928 1973
4940 4487
7479 5694
6882 5520
9035 1494
5683 4533
1803 4760
9148 1193
3500 4309
3131 5528
5778 4395
2691 5305
8522 1973
5711 5120
6210 4727
6117 1878
1677 1396
1478 4405
6189 1785
8901 2702
8152 4277
4643 444
5066 4959
152 2607
6119 679
231 2052
8266 3240
7234 476
975 1470
1 1053
6273 3817
7034 4641
454 5517
3812 1665
4051 4974
935 3142
4331 3010
5212 4988
5698 3264
8846 4845
8696 1097
4886 5120
557 5437
5137 5846
4160 2602
3562 5322
6889 4265
3409 6093
9121 4209
1815 4379
676 2922
4756 4011
6024 3503
1267 121
3102 1408
4185 4369
5957 1650
2436 2934
1487 233
3234 4391
7217 4060
6331 1058
205 4862
7373 5983
8155 2743
2375 1258
5100 2429
5378 609
2736 238
8191 320
4679 3407
382 513
974 564
3515 5498
7998 5048
5562 2962
5372 1077
6022 4036
6563 3108
3208 1681
4392 489
8768 2761
5084 904
1565 205
1650 2888
5727 342
3509 5999
7542 5904
7675 4731
3433 2935
1825 2611
1295 2253
4892 3523
6507 4446
4320 2598
5611 5158
3012 4858
4277 4696
2319 2364
221 480
5255 1745
6360 4753
8569 4665
5472 2497
6528 2621
1087 123
5794 4350
3941 4810
6722 5084
3926 1476
266 3492
3401 2354
3983 1256
4115 4658
29 5164
4690 6180
4265 1835
85 3491
8876 5380
8916 5537
8831 3892
3028 3946
7976 1255
8647 4274
4949 5436
1284 1037
3163 5699
3875 543
3335 4050
5636 1725
7171 3820
8181 4361
3864 244
5234 1454
3897 3382
7868 5631
3740 5674
7605 2363
2710 349
49 2624
505 5765
7788 1348
2663 3246
2359 6176
8702 4462
1213 2283
6312 599
8206 1344
5120 4989
5767 1758
6131 2467
5710 946
2783 5580
4746 4711
3394 5945
7352 252
8420 5790
6850 4780
6773 3665
8581 4724
6270 3234
1783 1032
4522 3820
854 4275
7295 4124
4938 4822
5732 3148
1841 1302
1238 5252
1231 3796
5618 3748
2006 3466
8367 2011
1039 5664
843 3815
7869 3310
4840 189
5273 4253
7080 3784
76 5810
3557 4130
963 5283
4881 5234
6399 5596
6922 2106
1404 6184
8661 1724
7609 5392
2330 4469
465 4624
7937 1547
5956 6124
4064 3562
1931 2283
5454 3337
6935 1981
4199 1793
6392 1922
2882 3815
3425 2996
6532 4814
520 394
889 3378
4441 6181
4330 4356
6901 4697
7860 859
8279 5444
5560 1918
7655 2518
6043 5584
1437 4799
4162 5594
1576 6116
1721 3354
8052 2763
2801 1939
3215 1192
7058 5576
3777 4679
6870 5480
1011 4322
7701 5334
8142 1335
7574 3755
1081 5978
8972 4749
1492 2992
909 918
6781 1067
7465 1072
817 2106
5236 3366
3196 4427
5572 4384
5657 2699
6168 4506
8035 313
8793 1965
578 5572
8337 1164
2304 614
7753 4958
2265 1148
2516 3367
5317 948
3092 1785
1283 1554
6351 2085
2273 5255
4639 4110
2127 289
990 2475
7536 4486
6385 3106
8011 1987
782 5354
8046 5554
4894 561
5796 1196
773 537
7215 1884
1973 5946
5623 4655
5843 2893
7337 2239
3626 3115
3664 2614
5018 3242
4839 1278
6605 3110
1700 4144
4793 2476
8892 1865
3695 2396
5748 5568
502 512
5107 1418
8836 4652
5376 2190
5309 2914
8821 832
8123 619
6359 2425
5203 353
7780 1876
917 5056
1456 2477
1160 4072
1498 5123
8915 4495
6044 4404
3292 5733
6209 5836
7165 4690
7545 798
5087 1701
5672 5775
3192 346
6547 6091
6983 5874
5024 1794
1770 4823
8967 903
2105 6069
7623 2685
4023 5680
7956 3579
624 4715
3287 4836
2993 4227
4137 2234
5951 4527
3838 2472
5708 5103
8292 2216
131 2631
536 3115
349 1993
6971 4209
3449 2657
5127 733
296 4775
5755 1188
3005 3594
2633 824
5013 34
97 22
919 2276
960 5823
2440 2635
6996 4281
1934 1012
5579 1149
3007 1057
3488 3312
5188 1345
7971 528
4870 330
2489 2499
1320 613
3381 4730
135 5879
2874 379
3302 5875
6910 5197
8251 1129
5216 2531
1096 845
5742 1143
2831 2764
4426 4142
3412 5648
1042 3405
3225 4453
5782 3152
6534 2583
3705 969
5690 1078
3201 4877
3851 3441
6748 3280
154 6168
1993 2392
3274 3219
760 4532
8566 2318
2966 4276
3528 4944
7437 2682
6004 4021
797 1701
7538 1849
1959 1000
72 1451
403 1661
3229 3151
7997 2951
3086 4225
8327 1443
6843 5230
6142 240
7131 220
1280 1092
1141 1622
7121 4688
8804 5441
4110 826
4289 3042
755 5743
7485 3661
3171 4151
1964 4186
6395 3936
1405 2070
635 4794
8567 4544
6309 4073
659 2188
3833 5816
3487 1247
9083 444
3023 5498
507 4694
6033 4240
3621 3854
8355 2106
162 3364
1525 4905
1067 1522
2002 2355
1559 987
2488 6013
5439 4310
7075 62
8658 4593
987 3494
6750 1723
8720 5690
6432 4615
3463 4343
5141 3902
4576 5224
5604 2293
6099 2350
2452 742
517 9
3310 6087
7620 885
3265 1577
1246 3271
8881 5735
1068 2315
2911 3025
5290 5231
8042 4800
2367 4345
6609 4024
6766 235
5274 2923
3387 1366
7930 4818
4466 2921
2601 971
1028 2684
4824 6018
4037 4476
7567 3198
7528 5590
8706 6215
5555 2833
7370 2315
6225 2527
2443 6126
8925 3094
4947 3174
3820 2557
7719 1568
875 313
1541 3744
8528 4025
2994 1998
3934 5848
9026 2045
903 2716
7822 1247
7402 1600
5022 5332
6039 5221
3015 3035
7205 1590
7840 4937
565 1473
5503 3763
2132 6172
4960 3906
4608 4707
4901 2684
2241 5545
3460 3782
4283 1475
2970 3230
383 72
2097 1960
3697 1735
7865 4417
5440 730
1864 1696
5493 796
8370 5807
2332 2148
6647 5791
3043 3547
3909 288
1555 5164
1423 2203
3067 5341
3316 2422
3235 3322
8468 697
6949 5592
7199 1736
3128 5486
4491 5027
4538 335
5004 5739
2664 2496
6204 243
6246 2150
7509 2980
2151 2656
2910 2496
8024 679
8509 4398
4404 2555
8650 1441
1951 648
4271 5764
4535 2660
9049 5565
527 4280
1179 2700
2199 4923
7676 5118
324 3335
5954 3782
1987 4640
4273 2079
8988 2309
7008 2544
7054 4364
8334 4443
9104 1185
971 2204
2391 1211
1418 1156
5992 6037
8681 287
8656 5988
829 4888
7833 3108
1165 1576
2305 4437
7070 2187
534 4116
3470 384
8147 2901
1915 2590
4980 3853
7481 6053
2060 5567
8679 3127
8713 5297
6847 304
2076 967
5822 5984
6398 5810
7068 846
3499 3182
7579 1020
2383 5542
1311 3476
4461 425
1419 5785
2182 3646
8615 1461
6493 255
1363 2958
2263 3109
2169 511
190 2700
6684 2163
3286 2276
2468 4516
2198 2168
6596 1932
1061 3429
216 753
6902 5290
1136 2047
5570 6079
7116 5948
3606 4323
7190 4601
1486 1438
5437 1906
5349 1104
5568 1988
2475 3501
8753 3241
3662 5301
5370 4455
2504 5162
4057 256
3018 2660
7841 2385
3029 241
6987 201
7981 2951
3548 4358
1849 2669
2042 2265
7945 868
2428 1145
3928 1378
6115 2019
4497 4113
5831 753
5444 4774
2231 812
2773 5694
3293 4457
861 2809
6880 2869
7595 952
4122 5352
4590 1556
4356 5084
7901 3511
8770 3425
3982 4514
3758 4984
2789 2523
7006 4970
2424 5983
8912 803
1335 4050
3436 1652
884 3078
1522 1469
8879 2626
3915 2047
7159 3893
8995 631
5494 3846
2530 5233
8631 202
3343 2426
9163 4622
4186 1898
1534 3644
7832 5086
8597 5288
1166 3491
5233 1529
6699 4885
4354 942
3834 3206
1154 5960
468 891
1872 2235
8500 520
4518 2295
8833 1434
5194 4640
3268 5668
8086 1705
4539 5355
696 5030
8210 6014
4243 1839
6451 3319
3642 300
9047 4667
7091 3459
1038 4333
3948 2775
1234 3544
3267 1698
5214 4409
2620 2076
6564 1981
8510 3890
5130 1235
3762 3674
5847 5073
8544 1682
541 3495
4 2375
6393 5943
3388 1276
3418 1306
8139 2810
3008 3245
1272 1058
1264 4348
8562 5710
1337 5142
1308 4406
2556 6197
8613 2282
1977 4125
9000 5002
5521 1878
7515 38
8222 1344
5879 4730
5128 5808
4560 4962
1836 2964
3369 704
7508 6225
6361 1756
4850 3500
766 2834
7400 4295
9109 5925
4418 3909
6401 1426
1313 4782
7009 3853
6166 4692
6288 4121
6955 4122
6190 805
6659 3241
6437 4499
3190 2121
7988 3769
5930 4075
430 1668
3747 4456
3370 4379
2288 3776
8772 6144
8630 4429
2819 4762
5869 4481
2528 5272
6229 1175
5681 260
8380 166
235 6169
464 4113
5817 4336
8645 2103
2814 1300
7312 400
6502 366
7087 6097
8701 3649
3078 946
2566 1112
8017 2011
3266 5
2421 4053
6476 1252
754 1900
2609 225
3075 5271
5665 4990
4270 3648
5875 2230
4994 4082
2762 2222
86 2599
930 1311
8293 3980
4767 5563
3296 4977
2146 1090
5830 2124
6622 1423
2930 2376
4691 4921
3868 1777
4942 4755
3916 848
7789 3149
8666 4901
302 3463
5670 4589
663 522
2886 3490
3218 2323
5455 5792
5245 1239
5914 3488
6960 1237
1395 4384
5046 556
4622 1414
3168 5866
8229 1310
6318 3421
5283 1691
3574 4128
5356 3792
3219 6238
6274 1031
3617 4333
5263 4530
2147 37
5012 4519
8202 5717
8444 1842
395 897
7060 946
7011 2800
7821 481
6068 2846
7884 126
1223 5744
3786 2325
5496 4673
6423 3068
2665 4474
3238 2824
3580 4425
5172 4282
2740 1288
7531 1164
4569 2429
5945 4216
4358 5934
3022 832
3835 4851
8536 841
1052 4136
6999 796
2045 4533
4049 2998
6206 3327
7119 4524
2835 5593
8400 1250
1515 935
690 1980
5975 1887
4387 1632
2705 5661
7583 1796
7724 3665
1603 2668
448 2785
6965 3693
8137 2211
5968 3046
8781 6193
3305 3662
5716 1816
7684 5424
8331 79
2859 1638
1447 944
4546 147
248 3395
3873 2114
8987 3995
480 4895
1527 6250
3570 5567
212 4912
7454 627
720 1676
8875 4584
4094 2213
2590 318
2074 84
1750 3493
5575 3296
6772 366
8184 6238
8283 4570
3893 3795
7014 5153
3527 5355
8782 2970
3841 593
1848 1957
544 558
5593 5274
1936 4230
747 5570
4571 6232
467 2406
2470 5620
3496 2912
4417 455
1502 4110
4683 3764
5979 3486
5111 862
7261 2825
7918 802
2037 814
6725 443
6525 4396
6074 4644
4436 2590
7775 2402
4720 3441
8054 3842
1913 1391
7853 1158
172 1118
3659 47
8198 3801
3872 5652
8312 3819
5489 2729
2380 2072
2922 935
2734 5642
2254 3121
2338 5444
572 1801
2995 5688
3804 4558
4916 1901
3004 996
6101 6247
2577 170
6914 1362
5842 3601
9061 178
2558 5211
6593 2016
6860 4457
6045 3151
8812 5555
4545 278
4897 2631
7385 5942
8709 3333
7298 4120
5837 3086
2972 736
3783 5140
2534 2913
7974 3560
5434 527
2372 5303
4505 4578
4107 5794
8259 6039
2183 2843
5298 4781
6651 2361
1710 2213
8636 3322
3530 104
5893 5411
7249 2061
1031 966
3886 5712
2370 6007
7163 1347
1947 1033
636 401
5118 3801
1720 5523
4231 3992
1342 5953
6694 4013
8407 5609
1868 3153
3789 2121
4687 844
193 243
373 2074
3880 6122
2399 2690
3984 1297
9015 3532
4607 901
5379 5266
4366 2131
8669 2155
5490 3192
7236 5227
3536 2277
6121 1839
8628 5625
5991 5630
6184 2778
1961 1251
3408 766
346 1949
3368 2629
6924 5793
2725 2193
2931 1081
3080 1765
4634 2478
4090 6125
1743 3777
8431 1303
6801 328
5062 3334
1823 2832
142 4270
2778 3000
6839 5667
5888 2773
4786 4172
4675 3502
2967 3770
7283 1873
8425 4123
4208 3976
7524 512
7305 153
5156 2460
429 3715
1749 3096
7113 2470
5685 4147
5671 5326
7270 5405
8178 17
1388 4884
8213 4781
2748 6040
298 1579
1546 2823
5054 1106
8858 1817
462 1934
7273 2144
3721 6207
4624 2231
3312 4045
1397 1926
7168 2337
5734 1666
6764 1334
4451 206
6456 3883
4781 2745
2110 5387
7185 3447
6427 5004
239 1070
621 4354
2226 4839
569 4363
665 4061
6717 1938
1687 4325
445 823
5733 1914
4029 6249
6445 2599
7297 4068
3329 1976
3040 41
3033 6221
55 4105
3465 1130
2990 3084
300 3093
2837 2263
3019 4377
5321 2321
6746 3117
1684 3171
6211 5261
8415 2767
5811 1483
6397 4765
9023 4368
2945 1882
5677 1519
356 2212
5243 491
3718 2407
1094 552
1905 4959
3164 1548
8824 3858
384 5820
731 5999
3738 4432
438 4003
2596 2514
3888 2538
655 3657
7501 1252
6904 5112
2173 4887
5972 4151
297 4742
1371 5383
8543 842
2858 1122
7893 4779
1485 2985
1394 5496
1064 4407
3426 6204
3059 2729
8377 1468
1117 1615
2362 3243
1330 2211
4966 3873
8601 4701
4758 2404
6133 2414
3693 4795
3304 5523
6841 2188
6709 1782
5891 1537
4818 5073
4911 723
408 4413
952 4297
4823 3087
5271 4545
1658 1022
1533 3047
1756 2016
5935 4337
7709 3498
3060 1205
3836 5485
3769 1510
1632 1585
7725 5269
6929 4312
5539 5986
3712 4973
3273 2749
2788 5857
39 4619
8735 301
5950 5996
4367 4189
7333 5322
276 433
2896 6176
3090 1460
8034 2298
370 1423
8189 6091
268 5643
7097 2445
328 4470
4449 5171
1499 713
845 1484
8081 5400
5616 2963
4158 3257
3946 6175
3017 744
4238 4628
6249 978
7735 1428
6015 526
8890 2745
3976 1902
8236 2110
2004 3777
8317 5222
7262 1908
9056 6170
8310 685
5556 5899
6653 5605
9048 4621
6126 3093
7344 3075
2125 4813
3211 3906
7798 4427
8324 6221
1598 309
5184 4562
2473 4124
4044 4591
3596 101
7900 4874
8449 5739
5016 6119
4779 2568
4500 1424
178 2733
3262 649
2481 2545
318 793
4704 2617
5079 2812
908 4468
5005 4629
4020 525
2525 3620
207 2126
5165 3547
8170 4403
4791 5942
8200 1547
4869 1804
545 421
4895 2582
7276 636
6 4021
5374 1918
5244 3892
3950 2780
5603 5114
5117 3
2124 261
5294 4383
900 5500
6602 607
905 2285
5728 215
590 5318
2306 3501
577 6122
4362 2207
3351 2798
2256 1950
8378 1697
8815 1324
4726 35
670 3520
8020 574
8626 3562
6377 3314
6234 2121
2808 6117
1636 2050
7526 2100
3504 1311
5316 554
6758 4388
1908 5746
8688 4889
5678 3133
9141 722
1624 3606
4681 187
3942 3178
656 2124
3348 3496
2771 4142
4425 3447
723 3744
5157 4151
7264 1862
4609 2072
4184 3808
6990 5272
228 6052
3877 2599
4346 5472
2689 2955
3301 5181
2244 5823
8520 3732
986 1732
9069 5217
7687 6150
107 3024
2572 45
1097 5882
4112 3273
9042 6228
7931 991
1944 4495
3883 4998
3719 3368
11 451
8891 5200
3686 3146
9007 2603
4222 4823
5590 1835
1138 1038
7335 2828
368 5891
1053 3944
4183 1351
2280 1515
2334 2066
2316 4822
7435 3719
7155 2972
7514 647
8273 4954
7451 6072
3521 2036
4780 5534
8257 6133
204 1186
5226 3654
3593 2214
6321 3083
8430 3864
4240 2168
124 2818
3956 4543
2068 2980
6658 2657
5382 1509
1507 5482
3308 2488
3359 6125
9134 5956
5588 3572
8084 3892
195 5835
3649 5651
60 3143
6501 1284
6830 4800
8619 3342
8947 5415
3424 1697
4981 4175
5688 963
6909 2550
7809 724
2129 6104
5335 1004
3884 1277
8055 4150
5237 3351
6504 2862
1459 4192
7698 5897
4248 4655
6067 2771
3186 2844
6005 2221
6051 837
853 975
8969 2385
1153 331
9126 1604
4729 6130
1425 1371
8664 942
815 3697
4574 1009
4961 2026
2581 6102
8941 4444
1742 5462
1299 3713
7741 3623
9110 4358
3923 3684
7077 5240
5595 4193
2643 923
4899 2356
5993 5917
6342 280
6530 5127
1775 4323
725 2001
6132 5909
3406 4190
8678 22
3057 3921
3173 4074
1582 1943
2293 5951
8992 4135
7102 1858
7461 3071
3959 2078
256 3397
1811 3095
1373 6243
4348 1526
7987 5889
5654 88
3132 5540
3815 3481
8410 2428
4182 4703
1168 1299
4296 2580
4619 4587
5744 3548
9064 348
3584 5584
100 5484
7607 383
6670 3775
9088 1275
2261 1610
1748 1454
6554 1529
7491 4798
2685 3636
6998 4573
8483 5770
1287 4668
5418 280
7347 5413
1350 680
433 5955
2822 691
2464 2222
280 1884
1408 4973
4725 2076
6505 5171
402 3509
1314 3446
2184 3383
7566 3982
6511 6256
436 3861
8446 1076
7681 5069
4900 88
664 1196
3129 531
1041 344
4166 981
2095 5629
798 4689
9013 946
3309 1615
5052 2546
1699 1576
3372 5878
1706 4431
6824 2675
796 2616
4592 5462
7813 4325
7422 2969
4925 5805
5269 3357
4650 2866
7184 6147
8136 5839
3457 1811
1043 2179
309 1370
1410 5765
981 3548
5250 90
1880 4534
6615 2161
6693 1495
4506 990
552 3957
8850 1599
5939 6171
6277 2287
6859 2176
4069 6083
5601 5926
4833 988
8608 1224
5918 5125
2342 73
6375 4344
1989 5473
6723 5153
3724 5983
6031 5276
6673 3708
2401 5218
5659 3765
1975 1219
8570 5081
400 2405
4463 3152
2019 2756
8900 5969
8909 5757
3793 6078
916 4836
6606 4638
5887 1692
133 6038
6075 3715
2318 145
1649 2203
4210 3361
4531 2096
2248 5164
4944 5662
768 3333
3760 4595
7598 2041
2197 3975
7013 5352
1752 3905
8504 3774
1657 3246
6447 5737
707 1492
2747 159
8736 2366
466 5821
6192 3900
3350 2466
3734 144
3197 753
2392 2909
830 4462
4097 1844
6808 4903
6663 2268
5337 3230
5779 3834
4363 5825
801 3237
3569 1145
556 775
1192 5597
7441 1878
8001 286
2308 1925
6958 3034
1334 1771
362 3796
1274 4015
2745 2733
7716 2290
3962 5847
7544 1290
30 4328
4541 3675
2120 2382
501 2107
2422 835
7224 5635
3560 2354
1290 2299
4946 4743
9041 6180
8039 163
4912 2596
3188 1477
3951 4789
2106 291
1927 1632
7466 5989
3752 1712
3283 5917
5704 476
8531 4745
1490 1920
1819 4674
7774 4208
8489 5670
7617 4867
2154 3718
7561 1916
8301 775
7924 1911
7315 5683
3544 954
4664 782
2142 6029
1218 2239
7202 314
8716 1571
3874 4152
4378 3101
4841 3739
712 147
4005 2746
2134 4801
570 4795
4440 5661
1859 2011
5420 3117
1079 1713
6223 2115
6324 3183
1357 732
5569 4249
4181 1782
3890 532
5981 5823
8475 195
652 1858
2519 900
763 2298
3294 3870
1595 4789
143 4428
8007 6215
1108 2637
692 5262
2554 2862
2210 2096
8053 5140
2916 3369
7458 2634
8349 2078
8304 622
5988 579
123 5171
5192 1332
5427 1054
674 2325
774 409
8338 5830
3816 1185
4086 2930
6864 530
3994 5069
7151 1865
4011 691
8315 5327
3899 881
1850 4263
7355 1210
5713 2544
5781 4191
1611 2926
4604 19
6021 643
5090 1657
2752 5247
5048 5966
9037 6256
7825 1350
6343 311
8473 4708
1694 640
835 2202
7025 743
619 121
8492 3380
8635 4142
5640 1362
1251 5327
2549 451
3404 907
2483 1591
8808 706
232 3567
4995 976
3727 2409
7505 125
5714 5109
5223 4759
7571 744
4138 4713
2650 4779
3673 3898
3138 4065
4844 4128
5457 3243
3523 4751
8260 3359
7547 3317
5832 3351
3731 822
3089 4124
6718 2314
2406 2349
2271 1805
742 2541
1691 2156
8313 738
6336 1673
5630 1693
4482 5494
4191 5735
8421 4041
5213 1980
5404 155
7161 1987
4253 2385
8906 999
5766 5671
3405 1685
3377 855
6235 2948
8131 2727
3678 3307
5545 3996
3568 246
1800 1672
989 290
2695 2179
585 3878
7843 1285
7128 2277
1109 2771
4048 5056
8662 3140
1088 1592
71 5779
6236 2466
4168 2590
5140 1762
3865 2949
6355 3800
6887 4693
7597 936
5948 3825
4802 3513
7714 522
8466 1721
8553 3598
5508 4240
35 5010
3995 3533
6305 1527
2515 3013
995 3308
5092 2550
2479 5284
1322 155
771 2113
7378 4991
2131 1553
6961 1580
7072 3572
6577 4199
9108 5641
7114 2290
5225 1480
4749 375
728 5684
3676 6053
5081 4441
3525 327
3511 1557
3242 2943
4303 2465
5093 300
8577 1306
3205 5645
7668 4489
9140 5313
5554 4890
1558 6175
4626 3043
3281 1246
1467 4853
5358 766
8265 4813
2366 1453
6509 3752
6139 3730
7467 36
8721 1543
2552 4219
5318 4829
8073 4640
254 6036
5049 1800
8464 3143
6056 1575
8733 3214
979 5690
7814 5350
6862 5024
4485 1534
4945 1818
7653 6031
6434 5017
7801 2773
684 4902
3290 692
6700 3279
1588 5946
7456 5928
2653 4703
3998 566
6304 4829
603 929
3531 3439
1912 3877
4877 3617
7245 1513
7180 4750
4863 3732
589 6065
4480 3542
4714 3526
5905 1111
1229 5623
7651 5088
4516 4873
4763 4494
5000 486
8919 4424
7371 4875
8027 3453
4527 379
1243 18
7736 1774
8382 3702
6930 4698
641 4624
5709 2516
4279 3898
7848 4414
687 2391
9129 2863
1206 1121
3403 3535
3597 806
3839 4052
5821 4713
3817 2552
864 4330
6458 1059
5971 6103
4068 4548
568 4635
7361 2301
1594 420
8078 267
3450 1553
6978 5195
2371 1390
2924 4771
8695 3248
1805 3764
2898 4026
1236 183
1517 5010
7047 4191
7859 2798
8091 3900
7889 4613
389 228
6047 4483
7737 3505
6237 1871
4862 5026
4952 823
5637 3111
2715 2186
781 4099
325 1073
7807 2721
6337 2838
2548 5977
3520 5716
6793 6208
378 6241
6155 164
5857 777
7759 5919
6042 4130
4668 2613
2009 2330
2139 1305
4907 112
4674 1908
4532 1148
8839 517
1254 2687
8830 3674
8398 747
5205 4621
4880 2525
1984 2310
2547 4322
7876 55
7016 1832
8406 1081
8603 2400
358 6249
992 4683
3529 332
1586 5352
7925 4215
6153 5738
4204 615
2175 1371
3149 2650
7239 3052
4996 606
2217 6076
2618 107
678 1591
8602 4892
5197 5357
4632 2350
2880 3287
5425 4073
3156 34
6141 2385
7244 5719
8773 233
188 4773
8282 34
4544 4615
5970 2618
2439 5812
8910 5591
7806 5880
5982 1573
8572 5240
2629 4126
4373 5205
3735 1664
6706 1435
8576 5442
2932 1867
3999 5208
5739 4214
561 5927
7751 871
606 5850
1247 5231
7863 2945
3882 2994
3913 4929
7191 4163
267 3657
3227 1708
7428 3914
9158 3325
147 1676
6178 1205
439 5575
2079 4873
3356 7
6579 2874
4079 3937
5375 1095
4206 1727
5044 248
1808 3177
7560 6091
991 1100
4234 1793
4682 2299
5983 4700
5446 2467
5071 3203
8101 3248
8120 834
341 4847
1191 1648
4953 3816
3411 4574
5806 3333
9 4016
5007 1160
6619 6148
2418 1631
8118 4868
2712 4084
4066 3450
4807 644
2044 4327
8069 3043
8208 136
3609 4200
4359 698
3602 3743
4161 5895
509 5824
8237 4770
7558 2752
2843 3361
2176 2125
2829 4795
2000 470
1103 4884
3634 1774
3285 6205
415 1555
7513 1447
8684 1448
7304 3618
7274 5210
2212 4951
2083 149
2101 789
5909 4478
7230 5548
6415 171
4173 6121
5061 5893
388 1575
7183 2943
1027 6247
560 4643
5059 20
4602 2013
7909 893
8564 3263
51 2923
3794 3866
5978 3556
48 5779
7193 5222
1820 6124
8195 5099
8295 2109
6046 2826
4705 4088
4135 3770
1948 191
2328 5282
8369 847
8008 442
7593 1523
8361 4185
926 5788
151 6206
5171 1262
7892 6208
8228 1437
7602 2607
2760 259
4837 5719
8789 3575
5756 6171
4913 4479
1450 570
5218 3391
9095 1528
5825 4236
7439 3109
6475 3661
5589 868
5219 6241
3125 4713
6856 286
3643 6222
8791 429
6335 1428
522 1265
6128 4211
2289 4430
105 3924
7589 2858
4898 3128
5017 2893
181 1849
3331 1214
2026 3510
5816 4459
3573 2397
6497 5983
7650 3802
1348 5551
7745 704
6544 6069
7164 3921
7061 1987
4529 2742
4775 3909
5925 3287
4447 4335
7197 172
1121 3377
1813 3448
4557 1854
7223 5609
7921 1592
2191 3255
3987 2017
3518 6221
672 3024
3974 1168
3360 97
7606 959
3885 4275
4174 1681
3144 3404
3313 2953
749 769
1958 4995
470 3167
5385 1189
3130 423
2761 2029
9103 4715
114 4321
7871 3327
7186 6172
6308 1560
2641 4632
8103 1323
7445 2707
3472 6002
7866 5236
2541 145
3663 5532
1669 3340
2741 2378
5866 1677
1508 5330
314 3884
7216 2947
2340 4380
1640 3779
3850 4702
5303 3088
8625 2971
8617 3947
7928 4346
7608 374
2157 1861
7500 1185
6436 3146
6704 707
2892 4147
2109 5233
5998 6246
758 5031
2900 1877
7363 4127
7562 2280
4249 2356
1140 592
837 5796
7516 4581
3683 3093
6751 3971
812 3684
4374 2865
4520 1541
319 4952
2494 4954
1147 2352
1875 4524
6539 5981
4304 384
5139 3038
1479 257
5856 5337
7150 1596
3732 5832
8614 5530
2582 2754
1957 854
1190 880
3195 4816
5639 3834
4804 3045
913 776
5946 2502
3929 513
4630 1772
8516 4976
5785 681
371 2429
4041 6019
2066 1057
406 4339
1746 4325
5394 2089
7656 6226
5525 4791
9124 27
2232 862
117 2309
2294 2465
8063 5396
6671 2618
7448 64
2768 1728
2434 3705
6250 4237
3136 4819
134 1027
5976 6241
6802 5141
856 5449
6090 4298
5240 991
57 1674
2901 3036
4045 4882
896 1384
6639 1755
3583 2367
1131 5213
6589 1264
8949 886
2905 5421
8889 2865
8953 4472
5617 3235
5850 278
8111 4828
8497 2859
5960 4488
3703 89
2373 4017
623 5647
3046 2265
2168 2911
4652 3954
5833 5024
608 829
4972 1604
5058 2593
6911 4296
3252 203
5941 1970
1893 2333
8764 3717
5803 2235
44 153
5419 3743
2460 5939
8799 689
5788 949
7815 5919
5724 977
2268 3728
4990 918
1550 2372
1049 687
1970 3062
7330 5862
3506 2321
3354 107
8697 1019
2233 2302
2376 4548
7368 826
8865 929
5142 1022
2046 3735
3790 237
2693 36
3591 1831
299 1525
1426 243
8623 525
6938 2960
5985 6158
3764 500
6469 5162
3088 1965
6025 2581
8248 2837
215 4840
90 2821
5697 2857
706 3714
2881 312
6058 1817
8506 2542
8957 4335
6968 2437
5242 3368
1599 5648
8698 309
399 3277
1359 51
6243 1080
7582 5544
6846 986
5720 3468
4600 225
5894 739
5638 5431
6594 5313
6858 5834
3857 3697
2893 2258
199 5695
3035 5722
6341 3606
3665 2011
4492 1887
3944 3523
3867 153
3635 339
8986 2205
8779 729
5015 2742
5892 1072
5696 257
7586 3401
7917 1569
5551 4004
5122 3065
2786 2258
7669 3276
7883 6040
6325 2780
8559 6183
6948 3255
1235 2240
6227 1035
7426 4066
4549 5832
3123 2614
2112 2986
8019 5698
4047 1881
4072 2888
6450 5952
4653 1682
6499 208
220 4153
3746 1180
1133 4958
7645 3898
4073 1461
5600 6162
1150 4847
7580 1523
4621 4133
6408 5920
5191 1180
4742 4652
6459 4550
6520 1092
7489 5737
1518 4991
159 5150
2350 4501
695 5671
4056 1380
250 5344
9081 4669
5751 3036
1703 946
6926 5030
8088 3140
3093 386
3707 2726
176 5030
7680 3917
1382 4044
2167 4474
4442 131
7386 100
8984 2787
7898 3750
4559 1764
7826 5225
8290 6215
3564 2443
6523 5392
6641 5005
5266 2419
8285 1188
4927 812
320 1205
2363 91
8752 1167
2942 5200
3526 4367
5695 3510
2849 5790
5706 4315
6048 3725
5381 6220
99 5572
3733 51
1217 5453
7999 496
2946 2642
4694 4530
5464 6044
3545 2081
767 379
805 1714
1374 4101
8240 4001
9077 3712
8722 3025
5384 765
7129 5859
8227 4994
7192 1993
132 5529
8649 3330
3330 2710
3668 1818
259 6236
2937 6241
2735 1035
7179 1360
1940 3622
64 4441
7760 3232
5605 2974
5227 1065
2876 5524
834 5972
3670 6127
7850 2364
2361 467
3782 3679
145 5974
563 3329
3542 2755
716 3221
2508 2853
5147 2501
1307 2877
3607 3128
8748 2785
6628 3462
3074 889
4456 5485
61 240
4860 109
1622 367
892 4347
4131 5079
9067 3091
6730 2480
8174 4850
1577 4816
7415 5386
8432 4372
4707 1732
8026 3895
8534 2835
1266 3376
4067 1214
7395 4956
8924 2889
506 5747
6767 1929
5809 1848
3870 176
1695 5980
5507 5401
6890 3431
6855 2721
4610 2523
1474 2546
5291 4934
2250 2480
8582 4307
8224 5298
3027 6079
4680 5225
970 2989
3410 6070
1298 4816
6468 1828
6503 992
5746 3515
3382 5319
2992 2419
4428 2768
9155 864
3512 4774
2047 4859
1561 5761
2394 5668
8469 2071
441 4817
1070 1514
7535 3512
9089 3980
1124 1185
1731 4570
1610 5481
4838 4245
4861 3714
851 5341
3901 2816
2262 4247
3453 1941
3451 2148
2409 4246
2729 3098
4543 3156
5445 5326
3258 217
3361 2708
4644 1252
626 4825
3432 5624
7922 1756
4521 5072
5020 5789
1672 1756
2622 4651
294 855
6585 4624
8596 5301
8490 4011
579 5639
7211 1918
607 577
8162 1262
6741 3922
5410 1223
7334 1710
3179 199
8482 4232
6898 3512
6448 5533
6535 2403
7035 6069
4956 1260
7474 2964
1163 5379
482 4111
4658 1527
5826 4328
5790 5050
1782 5230
4755 2620
463 475
7292 5775
6374 648
2672 1766
1543 4852
283 5809
6680 5340
165 4337
1215 4341
6071 1465
1228 1291
2165 2771
6348 2163
3694 5157
4416 4037
6582 3255
6565 4219
8193 2513
4876 911
2315 1705
8929 3700
8274 1670
9033 3618
779 3922
6452 3911
2561 3635
2407 5579
1134 78
5799 868
5177 4254
6016 2319
1248 2396
5576 2442
1916 4037
3543 2288
6875 3871
8332 3453
5173 2985
3992 550
820 5807
7468 5893
6290 4970
8975 2434
7201 185
943 1634
5037 2553
5311 3720
3349 405
8829 4420
7452 5067
5876 4037
6893 5667
1128 5099
2840 4612
1431 2736
2823 2851
6410 113
2844 1919
7459 4786
1289 1095
553 1892
7 3914
5599 1907
2923 1777
1990 565
4829 5769
6152 1225
4716 450
3682 5285
3455 1295
6242 2839
1814 5584
6552 395
1118 5970
4267 5067
662 2357
5313 3713
8157 4030
8711 1860
8745 5974
1212 3025
3036 3330
7820 5563
2764 4019
7473 5629
3438 3189
4288 5746
487 5413
7137 1146
8032 1923
1501 912
1151 1283
6207 5314
8922 1218
710 2628
7720 2725
6560 1382
5401 5721
3364 589
7689 2426
4976 5954
4978 4285
6905 4828
7018 2680
1327 3733
6135 822
2056 459
5458 167
6840 60
7596 3014
783 3238
2017 4613
169 5617
2793 5447
3624 969
1489 525
6196 6185
2278 312
887 4936
6389 979
9002 2215
7575 385
2770 4201
8763 710
2613 3566
8760 2602
6812 1529
1540 4620
6420 2501
3986 2042
2236 1294
2140 2655
3699 5517
2648 2735
2690 2536
3325 2617
1884 2539
6429 2976
277 6204
4670 4192
4145 437
2008 1409
7453 1746
492 107
2838 4156
1182 52
733 1548
3300 5891
2063 2299
6821 940
4703 5888
7799 4099
8507 4316
3247 2203
5350 1217
9053 4208
642 3277
1714 1021
6786 1987
6809 2768
4831 2652
554 5229
7351 3679
729 5635
4460 3036
2743 4260
5153 3943
233 3192
5942 354
5801 167
4433 5085
8686 5725
6620 6222
8151 3526
6814 1907
6668 52
4246 4239
5780 1443
3912 4742
2413 4173
6354 1047
7172 3246
3667 405
5001 4976
4170 256
8524 3989
16 558
2352 1632
1730 4686
73 1033
4706 3138
412 19
1271 3902
3720 4890
5019 879
3776 658
558 5654
4847 3751
6405 4457
1725 853
8316 5328
6587 4874
7755 2086
478 725
7960 5713
600 2666
4195 221
1524 2292
8775 1788
2102 1498
7661 1577
5028 3191
414 3871
734 838
6941 2669
8487 5856
5872 4896
3556 1067
4175 2716
1634 2071
6805 4099
6863 4831
1590 2172
1707 1126
8777 299
2611 5885
7786 1659
290 5759
5289 1736
1608 5913
6412 1535
7625 4058
2034 3400
7530 4383
6364 2083
2118 4847
2295 3341
7498 4260
8145 5035
7475 4761
4176 3562
8999 1004
8013 4057
867 2496
5041 1506
7497 3792
6108 300
3628 737
6201 2028
5587 1922
519 1187
1536 5330
4737 5666
4214 5002
3964 4921
1606 5736
3690 5423
449 4856
4832 3137
5662 1827
8521 1073
4688 323
2313 4924
7265 5082
3765 3140
2673 3748
4567 1188
1531 1321
7519 5180
6715 1699
6612 2581
4229 5690
1323 436
3337 2042
6916 5345
7646 4138
2533 1281
6197 4752
4872 2712
1443 4812
7240 2640
8499 5436
7958 1697
6695 2535
5647 660
5776 4325
6161 5485
6510 2494
6373 5283
3819 5613
118 2764
7488 1803
7697 1662
5063 4516
2492 2695
9034 3225
4852 1599
3996 2263
8397 1054
7108 2535
6913 350
3150 6063
6906 3246
7534 3201
7194 311
5365 4638
8538 6016
1621 404
4415 5595
7260 945
1888 5090
5126 2822
5169 5194
6492 4037
4427 5591
2824 356
6861 4189
3945 2315
8825 1908
1917 4639
8977 870
7554 128
246 3120
9147 4046
7442 2065
1863 4732
4548 457
6576 4537
8342 5942
6871 4962
1826 68
2634 2785
1220 3197
4790 197
9144 2325
4827 2293
1214 5892
8392 3008
394 2905
890 5406
2506 5690
7471 1945
350 5326
8254 2168
6569 706
5743 2675
8819 3775
4002 1226
91 2191
4285 3780
5547 1584
6378 3792
7342 1904
6462 4935
422 3321
7331 97
5297 4677
6313 2425
8973 5006
1347 313
4785 3617
1409 3725
4027 1351
1645 881
7380 4443
5091 6040
2853 1583
7146 5051
6254 6148
5836 5306
4344 3520
1954 179
2604 69
4997 3546
4209 5727
7360 4953
5014 5159
6106 5306
8514 2517
5518 1043
7002 3021
7021 6058
3461 5669
331 2766
3538 2822
2749 347
9039 1307
1639 6083
4828 2440
8851 493
994 1117
3459 3601
1623 2623
980 2871
3958 4711
8235 2328
361 4846
1054 5123
3637 4354
6775 2883
3766 335
2544 5830
7896 2836
6088 610
2062 1382
5567 5833
6120 1176
46 2856
3763 4991
5033 4781
3937 6053
6630 4168
8252 905
3061 3134
7732 1799
2719 4025
1619 2414
5682 5948
3494 4980
648 3972
7955 1881
8754 3326
669 1204
8298 21
1789 4157
1390 733
6193 2736
1633 3377
2926 1911
7570 4410
344 932
8119 4200
1900 1187
2266 733
8923 2073
7936 5353
304 537
6097 5650
8437 2374
6339 3953
4102 4013
6842 2512
5341 2166
2718 2325
2476 4891
4259 1188
8383 5145
6322 191
8936 5322
5345 4003
2135 3421
6703 2190
6180 3740
3278 5261
1445 4282
3522 2558
95 3088
3182 6111
5175 387
5231 540
649 506
5795 5374
5209 2907
633 3158
1960 5302
873 3291
8677 2936
4146 2576
6956 3175
3898 4183
8498 5468
5986 2505
1637 2867
4370 5326
4228 920
4038 4631
3713 5312
3715 2736
8530 1754
3842 2512
8983 5449
7626 2243
7766 6008
1302 2100
2405 4433
8095 6113
7587 5117
265 693
6356 6067
8667 1535
4338 4147
2753 4764
5068 4212
7302 5653
6681 4812
6713 821
6219 3623
4421 2912
4172 1435
2914 5811
1057 3395
7096 4453
7693 154
1978 1209
2089 5989
4930 1910
7546 295
353 1706
1422 1578
6917 1728
1526 5554
3365 5829
161 383
113 3005
7050 2687
4918 3334
6482 290
1344 3026
1889 4629
7795 3711
34 5274
496 1922
2447 888
8517 3396
2022 5882
6899 2025
5609 5192
5807 2420
1102 3082
5668 3058
5479 1627
4054 775
1511 1196
4242 1658
6164 5170
8395 4987
5036 5355
8485 4980
4445 1589
5783 4992
8541 3949
6371 5372
8599 1734
2410 4586
6561 3573
717 2181
6181 718
1023 306
6387 3297
6198 4107
7559 3859
7430 5043
6524 2931
6214 1190
6550 3417
2344 2563
1904 5096
6787 3558
6927 5509
7285 1290
3259 4110
7017 1461
1104 4777
7742 128
4686 1044
3096 3402
8766 3396
993 1509
8353 3324
5452 2607
647 5316
5747 3323
2411 3498
4263 1332
8996 1954
2228 1507
2920 1071
7783 4177
8163 859
3677 2971
651 1493
2312 4263
2679 1735
5528 4063
7476 5613
4856 2717
5411 394
1199 60
714 783
3454 3906
8587 5698
8102 4625
1003 5490
2803 4553
6603 1155
1999 1191
2610 5862
5648 4153
4805 1525
2772 3253
3535 269
8571 3970
4381 731
8894 598
5482 966
3 3073
5738 4410
4290 3745
3853 886
4573 394
1401 4148
1627 6202
5431 2502
1941 900
7549 1834
5050 907
4140 1963
1955 621
3099 2527
3114 1767
1048 1387
7341 703
1528 3935
5987 2370
7946 3619
8584 2175
5943 1510
8100 116
3237 548
1083 5844
365 1990
8125 4971
8765 5055
189 2694
8847 1294
983 5997
8746 971
5182 5793
2933 2278
6691 1914
1325 210
9017 4821
7045 5820
6052 5374
5075 1111
8707 4059
4458 3519
3357 4772
1252 6223
4391 2043
1275 753
5559 6162
748 864
3456 3659
4588 1299
4309 4548
6093 2687
8133 5784
2951 1054
6936 1900
1547 1123
7533 5259
2486 2259
2117 4503
3443 2463
4245 3939
322 323
1512 3308
8718 1717
4082 4331
1412 2003
8241 1822
7507 5463
6991 2628
3770 5664
699 4715
4171 1736
4053 1913
5280 2084
6055 3301
1207 2580
5359 5532
2955 424
385 5645
6739 2652
5433 3725
369 5912
2667 495
637 457
2084 3949
6513 111
3245 3438
1646 6026
5008 5052
914 3972
7136 444
2282 3691
2839 5146
8106 4301
2495 2288
6350 1115
173 3484
1735 3935
2677 1787
5161 3571
7350 3261
3805 5664
8643 4049
2317 5064
3399 3939
7046 4894
907 4807
2614 2166
8714 2507
759 2902
4611 5211
7624 39
4159 5068
5095 2946
973 6240
3741 3057
4845 4882
7849 6159
20 5731
3861 1887
8177 3486
4194 6024
3161 5477
390 4618
6779 3888
2201 4581
5064 3804
7158 4123
7970 1235
7752 1150
942 3454
8472 2176
255 549
401 5932
5591 4095
8868 5166
982 775
3009 4881
3739 59
2050 112
5043 2205
6820 5807
3483 4015
5360 1542
5407 3528
3052 3688
4848 4602
8384 255
7143 898
732 754
4077 1808
897 6161
6267 5481
1673 1527
789 1129
3938 4857
6877 1437
6446 1701
3135 266
2836 716
4187 2810
7894 5161
593 192
7220 5932
8150 5102
1257 3730
8183 5731
2684 3060
2934 3602
5564 1493
2430 509
3319 5197
5097 4273
7532 2174
8646 352
3228 1553
6386 4775
2868 3941
7677 2759
4321 1512
8747 3312
327 409
5717 5165
244 5704
8719 5290
6656 2168
5881 1598
4536 1351
1503 4101
1482 2607
4676 4204
7707 2314
611 3627
476 4322
7838 3235
6384 1650
6003 1319
3687 996
8051 1705
3111 410
8351 381
4620 3081
2851 4428
2491 4282
6686 1150
7104 516
8049 4214
2661 1087
4325 4300
7324 1533
7364 5747
785 158
2759 5918
1845 343
7492 721
8671 437
780 3429
5357 3397
5198 809
8203 516
8539 771
8843 4480
5031 2117
62 2777
842 2946
111 3721
3291 4154
9085 1176
5902 3558
8710 3195
6759 2872
546 5182
5961 3205
3341 4888
2286 3374
535 2113
2631 2417
4973 534
1938 604
1488 4200
7934 4910
8527 5038
3922 305
3146 4592
8474 1052
3709 5967
495 4431
3803 2908
5936 6123
1614 3853
3489 878
347 859
852 3073
3658 6135
3327 2061
3943 2120
6701 145
4983 2512
3755 1868
4904 1197
6892 4035
1462 2654
291 4205
6208 2344
7993 5262
4422 5274
999 1871
2850 2115
2919 4574
2213 4491
8990 5184
6562 2796
8632 1588
6175 4310
9008 5209
9021 1034
3137 5115
708 734
8934 3467
7462 5154
1279 2892
177 5444
3441 4291
7823 1224
4101 4792
4152 3302
1792 1463
2336 5879
2048 4155
7778 1328
7695 1147
4669 5026
4909 62
946 1081
3062 6092
2215 1738
6419 3951
8250 2160
3400 3634
1652 4209
182 5714
69 1019
1340 3977
6665 1719
3622 4942
846 5720
1542 3591
3104 1331
5279 1331
2503 5309
7188 134
7660 1645
8905 3
2302 2148
3633 2731
4665 1567
1196 3685
1222 525
7594 5540
3398 4353
543 3847
8547 5737
242 1595
2540 2369
5802 3791
2774 3077
9149 721
6652 732
2921 947
3277 1517
8412 5969
2283 1521
6089 5833
6770 1032
891 649
5883 1167
3742 4846
3157 1856
6649 64
6756 866
8281 1752
8683 6134
8621 5284
594 1077
8964 2781
9082 4291
1786 1279
4128 3289
5416 4108
6306 3616
2885 243
531 78
2024 1447
3118 680
4389 3252
8952 3198
5373 1505
2775 4530
6442 2365
5839 5395
3220 3683
5471 5674
567 2373
5729 2018
7390 5044
1690 4745
4748 2735
657 6125
2149 554
6782 5859
8302 5436
5984 3960
5900 3591
1514 2177
5995 2419
8794 2972
3396 622
8239 2534
5102 3772
5752 1353
7140 1433
3594 1821
1250 3520
4803 3437
218 3074
3101 4
5094 4164
6678 103
4879 2443
4372 442
4147 374
3772 1288
5584 5354
6072 662
1851 4470
1202 3062
3134 1640
7141 2561
6422 3627
7880 1896
7317 483
4063 3247
8785 3145
311 6012
3151 4465
4443 5051
8834 6245
5687 6124
551 3088
859 824
7354 1013
2073 3410
2039 4704
2720 1560
1110 25
2402 1027
7107 4279
8633 237
1000 6015
6379 4433
2449 2598
3856 3672
4638 76
217 3554
2247 2573
2796 3006
4985 2858
8854 4518
8937 1931
1393 1356
2369 326
6376 1320
79 174
4792 4289
3140 85
630 6057
4423 6189
8108 510
874 5899
6303 3131
8414 1298
9136 5195
645 5171
521 113
2356 3010
5867 4717
6095 1711
2200 2304
6104 4951
6032 4597
484 4176
8855 5359
2325 100
315 954
2010 3268
3464 4617
4866 4378
1209 663
7749 634
9078 6257
6165 4072
2739 91
6066 3078
8898 1562
6826 775
8458 1427
6988 3693
6598 4603
950 844
1578 2078
3110 659
4864 4624
6708 3498
855 5518
3627 2233
8480 865
5841 5041
2360 1956
7396 2865
5351 4539
3651 2675
4227 5764
4677 5105
164 5823
9113 2140
8991 3100
121 350
3299 1503
2686 3721
2279 5656
1156 5223
8813 4303
8769 913
5170 3767
777 4971
9096 1931
3306 4720
9011 2843
6391 5820
965 4910
2635 2799
263 2787
2776 5128
8336 6127
8725 442
5466 4007
6036 5186
7816 1601
4220 2259
1263 1259
4339 5376
8726 587
4153 5649
4495 2084
4761 882
3121 1246
8288 2979
7200 1062
744 702
8921 3032
9156 1348
7463 3103
1976 530
200 1201
1607 764
8320 629
7568 5517
4589 3441
4964 1251
888 4809
8438 6232
5480 1503
6411 3437
4992 5260
8434 4492
4692 3590
272 3759
6682 668
7222 5168
4062 5662
3321 441
4420 684
1545 3797
6885 4740
5534 2564
3632 5321
8585 3098
3807 5280
2381 5441
6490 793
1375 6118
5168 3794
5047 4522
4399 2894
1732 2493
5764 559
928 5127
5011 3371
2984 4229
6947 2801
753 1739
8555 1866
7897 5911
3806 2373
1631 492
8809 1579
6788 4582
948 5473
4408 4303
2177 846
4061 539
2517 5176
6362 5810
3314 2654
2153 3294
6533 938
5924 1062
5966 1430
8750 894
4065 4281
3582 5899
3925 2836
4633 4208
3963 1336
6259 2481
7767 656
1942 1128
1722 2271
2181 1893
5368 5342
4125 3955
6136 3153
5612 1677
1080 1476
7592 1105
5955 5239
9137 3093
8079 687
7941 4517
8835 3596
1291 2283
3745 2689
6760 479
8192 6111
8080 5710
3975 4630
6417 987
3848 3573
8652 1370
4319 6010
8005 1570
4514 5640
8653 5466
240 3663
1427 3327
3177 4975
6679 2488
6143 2241
757 4612
8690 527
7728 3725
5606 3037
4336 5586
881 5856
2229 5260
4379 74
3380 5019
7486 3581
9019 6032
6474 1305
7209 2636
7204 988
6026 2626
7296 2181
701 82
3352 1100
6549 2256
1918 3235
8110 67
7173 1165
7063 3912
7996 5685
4885 3603
6478 4273
6795 4530
3081 5306
1126 5022
2600 4040
8471 5824
1992 822
8009 50
2323 2926
4787 6114
1685 177
7800 649
8944 337
8989 1853
8883 5545
5517 3518
8038 4172
1059 2413
7041 4817
3194 4550
2349 2215
442 4524
1123 2410
7094 148
8495 2071
4740 4186
1075 1421
2727 1752
6908 2869
3236 900
8166 709
7478 2974
82 271
6187 3147
7927 1617
8940 5389
1078 3133
5848 1366
5651 825
6616 2527
2204 2075
4388 816
2347 2308
7854 2039
2982 6223
5319 1395
7836 4078
3717 5008
2137 2373
4760 2394
1021 4606
2758 444
866 5177
6803 4086
5021 1151
8563 3070
7837 5498
8356 4135
2742 2108
1682 2563
6604 4125
2260 1213
1796 1696
6866 2500
4993 5650
1949 3632
4019 1150
3846 5133
3013 2379
3014 1007
6454 2985
7933 2845
8459 3428
6584 1970
2051 2242
8948 5421
3696 2417
5613 5188
5721 3513
4278 2880
2522 2556
5089 586
8000 2653
4475 2958
8810 3331
1268 3150
5765 3289
2170 610
3561 1185
2493 818
5529 4687
1193 603
3447 5215
4407 2264
5702 320
1761 4328
562 1556
8998 2199
2888 1296
7419 3741
3446 2236
2301 2514
6953 5748
2815 647
7004 3058
7540 5838
7873 3137
7569 864
4950 1522
4905 3381
5361 106
688 4510
1183 1432
3423 4997
1698 2878
580 986
1100 4265
591 6041
1740 4861
8959 919
2393 5302
6819 4847
5784 3747
775 2957
4347 3887
9098 3442
1014 5733
3476 4404
7881 4064
5999 6138
5886 4943
8511 1869
2021 870
1009 1884
8322 5540
5620 363
1568 4828
1270 35
7517 1407
6940 3824
391 1805
2190 428
5202 4889
6332 5325
8976 6029
8907 1445
7557 6059
5741 4221
47 1868
9030 1952
3255 5044
5712 1750
2013 123
3479 3505
4104 3622
6590 924
2537 5217
2230 3467
7263 477
3778 650
1879 5911
2267 278
138 5181
3148 3583
3517 3317
5138 3646
576 2238
9054 6188
3202 5098
1833 196
920 2535
2662 4105
4510 60
7105 3760
525 2094
7548 562
7511 772
1005 2837
2211 5697
516 3974
3207 3168
19 5800
1919 933
2908 5978
4394 4904
2585 480
108 5747
1759 5953
6079 3562
3363 1312
6244 2524
8840 4277
7864 2466
6789 2987
8491 168
4563 2164
366 1495
2152 1486
5329 4417
5715 3611
7414 4831
3223 25
1294 4073
1204 439
1152 4633
6080 2155
8305 2527
8758 4645
6266 1888
4377 2054
88 4475
4292 941
1835 5860
3826 3759
2830 4619
5840 39
7712 3667
6041 2409
56 2717
7085 2398
2891 5864
7267 2466
7156 2541
4457 2603
7634 164
4906 1899
333 2067
5442 5391
2433 3193
461 1345
6185 155
2676 946
3672 3092
251 6131
1745 1494
3323 274
5615 6012
828 4949
3044 2508
245 672
6527 845
286 3679
7487 1937
7527 2571
4629 6058
1924 4106
2797 1640
7033 920
4970 3668
6400 4124
3810 5447
5786 4462
9074 3461
6580 4355
2730 3142
483 3004
2646 4906
225 1318
4406 703
5 2075
958 31
4689 3419
8790 264
3257 6255
8675 3890
8708 5558
6261 3675
7885 1131
4649 4490
6642 845
2243 1631
2219 6205
1380 2668
1613 5860
269 3339
1762 4074
1167 1271
2875 488
7965 862
1460 1265
1937 2462
2818 1108
3206 4273
2364 5754
6441 374
7875 3345
4974 5889
6957 2866
1899 4561
2981 3922
5561 736
6087 2919
6256 292
4934 2080
4059 767
274 320
8277 3159
2904 774
3117 2831
4968 2527
1806 212
2291 750
745 1252
4393 5491
2133 540
2588 4584
6624 4650
6881 1730
6834 1075
4429 4492
955 4952
3661 2477
457 496
6558 1807
818 1980
1362 4507
4587 577
5295 4429
1200 6207
1681 5050
4765 2870
125 3866
730 4486
7167 303
230 1805
2415 3615
1903 2321
258 4755
1991 117
4401 4350
7702 184
8417 201
4776 6131
5607 487
5275 3823
2799 1932
7979 5288
1520 2131
1689 3645
3116 2646
1513 2069
6719 1722
4562 2126
3241 4939
3180 4207
1618 4853
4087 4480
472 3313
1226 3701
7051 2852
8175 2972
8242 1097
3143 1236
5994 2786
1717 2721
2866 2117
503 3103
7989 2425
6425 2611
7078 1766
770 4478
6271 2379
14 3807
5143 3066
1037 4581
2511 279
5183 1803
3761 3905
7424 205
7556 2001
1556 1174
724 5214
573 4937
839 5861
2550 1847
6129 3781
9101 6235
3240 1252
5371 2474
2670 5717
8077 2675
4403 1960
4119 3877
3604 6095
6182 1979
6479 1043
4471 1551
1139 4062
155 1015
7781 4561
762 450
5220 4947
1827 3581
4095 17
6975 2889
2986 3065
1505 5058
5450 968
8289 1281
9099 5684
2603 1822
7895 4518
6852 5468
4606 6032
219 3824
6614 1769
7913 5713
458 6095
5585 3084
7803 6000
6923 3564
2463 6097
540 5067
3773 328
6110 5776
4565 5211
1939 1874
1906 2173
6794 3605
6817 1937
136 4068
5333 898
7565 488
2975 3965
8712 5275
5299 459
1668 5364
3599 3295
5563 115
5813 2925
1625 5626
74 4368
718 3432
5582 2685
2639 5696
1292 1397
7771 2671
2651 1098
7339 5360
4313 1243
8481 1342
6396 1749
1895 4543
1203 3584
3000 5309
379 639
4921 4449
741 1540
7990 4610
6495 5957
7851 5382
6774 370
7219 1410
396 5645
8188 2147
1572 3037
5719 4918
4205 6156
9024 786
8 1052
4753 2420
2206 1357
4472 6080
374 60
4561 5084
3940 4549
167 2750
792 334
1484 3895
5302 1556
4811 2826
5973 2639
4596 6150
7207 5087
5260 2124
5331 2282
4809 3136
5509 5218
1581 5293
2947 3327
236 5114
2472 3861
5846 2868
3275 6210
1718 441
9029 1300
6900 6039
6667 5963
6433 5841
2374 890
5415 2194
6443 412
2345 48
6489 2546
3374 3843
8148 4312
6352 2158
3586 5725
1421 1690
7375 2845
8731 3805
6154 67
8820 2913
8167 4015
6763 383
3024 2100
6851 4013
705 5219
150 3122
7321 370
3935 5162
3714 5651
675 3551
727 2652
4709 614
6413 214
7365 793
8470 645
5402 958
4013 3561
1510 45
7490 3483
7659 6150
7029 880
2420 4070
2419 4744
1579 3976
3482 4233
3048 4670
5874 5118
9106 6197
5076 6117
6854 5913
5476 6216
3473 1901
8211 148
8927 2295
5162 990
81 5133
4040 522
6279 3343
8856 3309
8341 5209
8518 3960
1324 3749
261 5418
5498 2338
8023 5222
4006 6186
4700 1572
4613 5892
2448 301
4986 4562
7470 3795
5210 1884
7440 3321
8448 4330
7584 3644
1591 3835
2962 281
1810 1635
6688 696
4127 3163
8006 4523
8146 2890
292 1617
5207 3673
4100 1813
5262 967
595 4787
4666 4482
8329 2333
6939 4656
3792 3792
4988 3417
3691 5546
423 4590
3462 5297
2185 5599
6672 642
5919 5032
8321 2863
7225 2410
2249 5974
5067 685
4647 2477
1891 4314
5159 5128
7665 3826
2707 6151
1036 4975
5104 709
3109 5347
6625 5325
4232 509
7638 5756
3704 4608
7817 3558
5469 2715
7748 6038
4896 2260
752 5775
8740 3559
4230 3638
1830 1532
4055 2878
3671 1009
2623 6097
1930 39
6878 1219
3516 3793
8255 1501
1635 272
8751 3180
4351 4210
4477 3233
7325 718
3485 1765
5758 6000
8699 3872
7856 4242
4395 1694
3055 1495
7563 5014
880 1866
128 2534
7692 147
336 1029
8704 3189
1793 2737
2568 1064
532 3775
7377 703
3849 2282
1910 3224
5650 412
8895 1759
6230 3990
2032 5772
4593 5088
8025 4983
6517 5873
3244 2009
6349 3541
8358 4847
895 1130
7444 1340
1273 3980
6993 4370
1822 5856
3825 4357
1966 380
6176 2451
7706 5997
4350 765
3289 3815
7241 860
4615 1638
2652 2471
8403 5961
2351 6203
4334 5032
3282 3298
1013 1668
863 537
1367 3287
8841 2970
7819 4442
4685 1768
3725 3944
882 3445
6334 5138
8845 1499
5898 5880
2925 6073
4820 3483
3800 4512
4487 36
2944 143
6559 6051
6038 1711
1288 5597
9123 1397
8960 1149
1090 746
7031 5220
5819 4910
4039 3527
2309 3007
1060 5798
6183 2260
2733 2274
7555 568
1470 661
1458 1499
6825 4312
1396 4907
7037 5923
1876 4880
7182 6197
9063 1198
3960 5874
4080 5493
7407 4215
8866 5320
3145 3361
1909 1825
7326 5560
6894 4774
8513 2972
6538 801
4454 4981
8161 57
1798 1201
160 5074
2327 5886
8399 5685
1358 3693
1227 1285
5428 4625
2940 6085
2557 3999
7175 3667
2382 3371
643 1055
6997 97
1144 984
1098 3163
1091 4261
4143 5106
6662 1064
8837 4686
3653 1673
7418 5477
5594 860
6943 1517
7178 3663
4114 1348
2820 2941
8299 4356
4018 5745
6698 1546
1480 2481
844 4442
5423 708
8938 505
6116 4648
5718 2016
5132 5628
2615 3900
6950 3237
807 1019
811 4970
6253 2722
8558 3287
5334 1543
2451 3662
4364 1154
3728 264
5631 3397
7750 4075
634 674
6113 3373
4843 6233
7127 2498
2535 2114
398 2778
1659 7
4151 582
8158 4324
1316 1331
6737 1606
7208 3127
7100 1228
7768 490
4696 3527
2085 6000
6660 2137
5133 1565
7003 4230
6588 2514
4197 1051
67 5373
7902 5885
7356 4617
3646 901
7447 1415
5861 5973
5146 3304
3212 5410
1195 3924
1771 1901
2704 3348
5859 4776
5282 1328
7032 1469
8087 3615
2722 5261
2136 582
3598 5377
8955 1496
24 1574
377 3396
2239 600
6976 4642
686 1625
5596 5284
3801 3932
629 1297
1898 2288
15 2890
1249 2494
493 2885
4766 650
9166 85
4989 324
4239 2857
8357 4023
2159 4915
2645 560
2655 4742
3828 1483
5932 2697
8961 5885
5703 5250
4738 6175
1352 5525
5228 3649
2873 764
7973 4858
5432 2648
3420 1699
628 2998
5085 644
9036 826
1840 1275
5506 2649
308 1857
1897 1946
1794 4028
3685 2200
2870 1520
7872 5533
6457 1400
1076 862
2111 138
3989 2849
2287 3977
5543 495
4636 3632
8016 1440
7613 5237
2299 5535
7338 3799
8827 5497
9143 3009
1176 5239
3107 1643
8561 3326
7966 5916
5293 5666
6069 5702
4924 1016
7134 4192
5544 837
5310 2935
4003 24
2003 4308
3038 1607
7187 3549
2636 1985
7327 5074
163 3306
6292 5845
3233 5658
8194 4565
2872 5868
355 4563
1255 2767
933 3930
9080 3027
4730 2089
7914 1444
5060 5322
4132 4040
2723 118
1733 4146
511 3839
1626 4214
694 557
8130 3641
4000 634
2053 1734
1137 3297
8946 3879
4007 2060
8428 2199
3954 386
5307 369
2252 5229
8738 4486
4126 753
2029 1723
6122 1600
4935 576
2455 1940
7142 1750
3555 4332
5488 4209
2621 3680
6481 3134
6556 89
4136 2283
2918 5874
6676 4296
7388 834
617 5833
4010 1666
5077 3010
270 4147
2041 2726
8388 1431
6526 2814
6745 1243
7846 4840
7232 6148
1219 6168
3608 4923
4305 3456
8465 2682
910 1964
273 2390
313 2984
9020 4088
8903 423
3970 6191
2209 4231
5473 5455
7040 3233
613 2678
3603 2066
3858 5271
1018 4413
660 2992
8560 2013
2432 5858
2575 1830
6264 3851
3973 4208
4948 3132
8004 4036
869 5871
7148 5683
7953 3230
8128 1314
6655 2483
6981 5341
4383 5816
7289 3083
1012 3534
1675 71
6049 44
8535 5780
8442 5117
3332 5505
4459 335
7067 467
8624 1762
922 718
9162 945
4515 1889
7978 6056
7076 5502
37 2134
7577 2797
6508 812
7328 1056
1429 1992
3605 4241
5484 1861
4963 2595
8345 3598
8816 1802
8911 77
5292 3932
786 2817
9127 3365
764 515
9025 1567
6963 1066
2088 3361
6430 6064
3226 2098
1824 3733
8595 514
899 1799
2964 4782
4465 1794
5533 3231
5253 820
9157 1906
6008 882
6683 3205
7708 1408
4410 2159
5101 4343
8243 4737
3827 1125
93 1862
582 1870
184 3585
28 2203
6218 1912
2692 2540
8028 1366
7318 932
2272 4496
2321 1397
1628 2815
6687 5531
5792 1204
4281 919
5566 4399
8372 1052
491 1648
6471 1759
2065 2189
6382 2788
3336 1460
2171 3119
8172 5062
3184 2006
6366 256
1574 3929
5646 114
7311 2455
6934 5080
5426 4877
474 5632
6518 5101
1448 1648
1663 5064
6724 69
4498 2583
4867 3012
5772 4271
2220 4402
596 5430
4678 255
8394 3176
2270 1696
8296 3563
7250 5795
7130 827
9119 5254
6416 1469
8261 3186
5745 4914
5414 5352
3415 2297
4483 5448
443 4946
1356 686
8761 4595
1727 2722
3910 5946
743 1417
6627 4516
4715 5072
6319 758
7300 5556
7429 4500
4052 3044
4167 4225
5852 3241
4736 2823
4385 5060
7275 2382
421 2489
1472 5660
2462 62
7391 2960
632 5997
4903 590
1738 1981
5211 1651
6299 4244
6486 5204
6220 542
6124 5972
1446 153
53 2495
7603 5538
7290 5383
7793 2467
4519 5947
211 609
1331 321
5862 2248
4310 4448
6797 3128
6467 3572
9072 5136
6013 3184
171 1140
1471 1538
6783 2489
2033 2947
7157 5731
877 876
8253 73
1494 4811
8694 3907
4016 3601
3537 371
3175 1707
8373 3302
4028 5489
6156 1024
1025 4149
5443 659
7758 1427
4698 4723
1877 4395
8346 5964
7170 4559
5332 1547
411 2478
8589 5809
3333 1842
3575 2717
3103 3029
7831 4441
3625 5770
1986 2319
3303 5696
3615 1258
5645 2274
1481 3918
116 4952
2059 4117
7916 6002
6907 3812
2189 1058
1766 5396
65 3336
8441 5402
4250 3822
7401 2692
41 2351
3311 4431
5129 5992
4774 2887
241 4836
3431 3024
2297 6129
6247 4476
7761 3957
8264 5183
7590 2947
8171 2724
2040 223
6158 3693
7572 2045
8974 4766
7221 657
6484 1775
1285 1578
7986 428
949 4928
5504 3147
2404 2209
803 1992
6617 3926
3031 862
6865 172
5885 1378
6811 1954
4770 1523
7738 5220
4769 1478
7671 4877
7746 3556
8185 4737
1552 2019
6215 10
1922 4011
2094 286
1441 1178
78 5515
2253 1283
7294 6082
8462 2025
6944 2885
2996 1463
2957 1776
2784 1250
3417 2571
3246 359
1962 352
1713 4447
5641 892
4307 3823
2939 4293
4219 3862
4902 1549
2894 4274
7666 2038
7343 42
3373 2049
426 3796
6804 4017
7398 3911
2113 4787
7039 2920
6799 2211
6813 3092
2781 1630
2877 3962
1566 4130
2396 5085
697 4116
4085 2431
5952 4138
9040 357
2284 6070
736 5534
6255 1030
7769 3319
886 1148
5965 2915
1784 1339
961 3851
3039 5677
7090 387
683 1850
5535 4613
9118 4831
234 2415
8339 2737
4375 1746
944 370
8550 696
3042 6055
6302 4870
5086 940
6344 4549
7420 461
7132 2224
8097 350
2804 1916
677 3569
4553 4366
8269 4955
3708 3746
7847 573
8021 1024
3407 402
6816 5161
5342 3175
2179 773
7810 3909
8037 188
4595 815
1069 4257
1465 5935
8557 2982
3358 984
3644 2525
6740 3190
3748 1023
392 3639
3845 3147
4312 1697
1016 2635
4455 5559
6118 3651
229 1590
8124 5562
1688 312
5643 4529
6394 899
3480 2940
1032 4856
3391 2238
2193 5167
1760 390
8424 5345
6144 5583
8143 4434
4564 6200
1256 2979
4637 333
7910 81
7862 1161
2384 5231
1435 5042
998 5335
6810 5423
7870 5100
6838 3332
644 1154
4508 254
4121 4274
8896 5086
4193 508
1383 6117
7348 5808
2668 1820
6798 2632
3652 3730
4732 1137
2607 3796
8771 5022
2523 5614
5010 1322
1378 1010
7062 5436
1058 2164
4139 5832
4157 1597
5519 4653
1354 2654
6340 1897
772 6078
4224 992
4890 472
3328 5032
1439 1394
2298 2292
452 6232
2658 3262
4202 6021
5921 2150
1045 6184
3514 1364
1055 1518
3440 2129
5656 385
9133 1710
6689 2791
329 4668
106 4782
5148 2597
5774 2971
6111 1090
2943 3064
9038 2219
1804 1793
5895 5208
8092 887
3736 3443
156 3990
8693 2972
5030 1941
6268 5932
4118 5548
7858 1725
8371 1487
3021 3606
8605 3338
4939 3378
5486 3770
2477 3892
4846 590
7280 4116
1411 4936
8780 109
98 1568
8689 2288
4371 2517
6162 4446
7699 1757
8215 4591
3397 1117
8849 1216
6014 4042
3641 160
4801 1745
2698 3984
7103 5838
386 5147
5441 5602
4533 5582
6546 5690
1983 3095
7757 1099
8085 4898
7384 2630
1175 262
8873 4674
1615 2871
185 5889
4971 553
4022 5081
2431 811
226 3735
2163 628
4597 3586
937 481
7504 4584
5676 5288
555 3584
5195 434
5134 4127
7929 2155
3648 3425
954 5970
3967 4560
7939 4209
7857 2626
2767 5150
8067 3825
2459 961
4236 4323
4822 5969
538 5537
9084 4524
7007 4627
5522 5040
6512 4339
6298 2072
8404 1672
850 6061
8386 588
7911 646
1617 5235
5880 2533
2487 910
6872 1129
407 5054
5787 1274
295 4904
2222 144
45 669
8220 3292
1911 575
2015 2853
8508 509
6278 1661
7065 2682
8389 4570
7251 3137
2587 626
4207 2262
1654 5171
139 4206
4093 767
4959 4027
4494 4386
7878 3105
7036 5781
9112 5438
1592 4775
7425 1212
5304 4951
5055 576
4618 1626
5505 3017
2130 1475
7682 160
4198 499
1086 4270
804 459
1564 5140
5731 2432
5530 1095
3894 2884
7362 354
6012 2956
2988 5
2909 3902
2543 1147
2512 5585
3611 3812
8867 3866
8138 3361
691 3717
3122 784
2666 664
4015 496
4642 3237
4826 785
1693 1601
5934 1348
8717 6155
2706 4308
997 5506
6749 1051
5448 176
4928 2107
5312 1347
4941 1713
5300 1552
3037 2976
3549 1666
4659 2827
4734 2539
7726 3498
3933 3718
249 5951
8651 3650
5864 356
1569 4247
2099 2728
8270 2639
6849 101
2180 4046
6921 5213
8319 2297
2520 5886
6317 3488
8703 414
5723 3682
4450 3805
9092 5291
7483 2150
120 2481
5108 3844
6702 4861
7269 5934
6643 5784
5737 3003
5908 1561
7711 5689
4582 157
3065 2051
6868 1067
6329 5357
5366 148
5362 2468
548 1809
8059 4459
2078 3609
2973 5098
940 5077
2035 4628
4360 5443
1701 585
6086 1575
3213 4058
3317 4375
1415 4511
8670 5405
413 5971
6251 4800
1821 2759
2848 2219
2355 4621
3342 1793
923 790
2390 1887
8294 961
5967 3997
7319 4948
192 4157
4627 4750
5229 973
2527 6074
3743 310
326 4461
6221 6162
1670 1105
7667 4900
5461 3105
6294 4081
4266 5847
1317 1549
4646 3610
5199 5859
898 4210
7599 1906
4954 4713
8134 5042
5663 521
7404 1148
4499 6026
9115 4433
6954 3438
6293 492
6591 4254
5692 6160
1583 2158
3844 568
1211 5556
2194 4754
4584 5289
4782 1089
7622 3703
3681 4582
4030 1112
6286 3376
3808 395
3930 4385
2400 4727
2156 2179
8519 5460
8068 2891
8878 3210
1286 497
831 5592
7472 4795
6733 390
7952 1082
6314 5500
1952 6130
4745 1717
4875 4360
5103 476
7480 468
1772 2258
3224 1677
1239 2783
586 809
932 6247
1573 226
4951 4933
4096 108
243 4569
6205 1270
827 3661
3006 2104
1379 6252
3920 5964
689 3905
6553 3461
7405 4230
4400 328
6536 1270
2507 3857
5257 3421
5189 2636
1473 408
5099 1081
5315 77
2427 5422
3155 425
2887 5625
1466 1372
583 5539
8958 3808
936 1038
3318 627
2899 340
3346 2753
1148 650
868 5179
813 5813
5463 2545
293 2296
703 2861
1407 2267
1914 847
929 3497
2703 6128
6017 4738
7135 5463
5430 4214
8173 3745
5073 2707
599 1843
8676 885
704 3022
8234 950
5775 1098
8390 1244
8479 4021
6747 177
3629 4542
9165 5574
6098 5285
1523 2947
4764 4862
334 4600
3320 1033
9076 755
4233 4141
6327 6252
715 781
5322 3468
5003 1059
3276 4762
1116 4451
3049 5268
8230 4522
5679 4156
2227 1905
7543 1298
8104 6200
3064 5148
4884 3266
6147 4080
7496 5324
911 3004
1355 1073
836 2299
4762 2417
3490 3575
3558 23
4741 3229
8405 766
4614 5168
8578 1383
8074 5717
7658 457
1046 2519
3203 1759
7957 3621
4081 1754
7964 4591
3492 204
7081 4057
1829 5294
3497 129
5314 4631
8724 2631
8634 3601
7630 3221
8154 181
8287 6027
7089 6132
2977 1197
7581 2535
939 2935
4361 2555
4326 385
3572 1719
5910 4974
587 1622
2846 3104
927 5317
7393 5260
8262 4841
2632 883
4751 1972
4640 2200
8168 3101
3355 4299
5666 5304
5602 3713
1692 2371
5660 5980
1728 1671
1597 4237
1562 5886
2605 4783
2559 5421
144 3781
2414 2481
4601 1791
7423 5748
8744 3585
6657 5871
512 4648
4853 5563
2412 4859
6578 1234
6710 677
3978 1275
5098 637
5276 1420
2598 4834
5038 2540
3756 2240
6283 3634
3988 5444
7812 2660
2238 5888
7255 1212
7438 6121
3204 4502
3513 5634
2290 2388
8090 903
5793 4201
7358 3234
7313 900
7770 631
7323 860
8460 2126
4920 2595
1281 3019
4783 2062
3222 650
2861 1454
5121 1324
7048 3066
5281 678
7962 5774
1161 5280
6123 1383
475 813
2186 4660
8759 4064
1802 3309
8149 1470
5851 4326
4819 759
2637 3298
4129 3487
6062 6137
3466 1126
4572 5711
8918 1427
8515 185
6979 640
2696 4568
3073 676
1865 1542
559 5407
1890 1028
7098 5473
1180 668
4727 4972
4481 391
4496 2323
5185 3820
5838 5915
424 1536
345 965
4759 4924
8076 4904
5614 4320
5800 1424
376 741
597 3352
6296 3373
238 5336
5608 5845
301 6172
5557 1545
1115 5152
7259 3651
5578 5031
7984 589
7662 793
2599 5870
5597 985
4189 2315
9087 5386
7674 3825
1007 5625
8066 3644
6316 2612
7433 252
4878 4724
1477 2488
4771 1227
1241 1480
7906 6181
3830 2655
2018 696
1892 3774
4470 2587
816 5793
5926 3500
8129 4570
1883 1675
3552 2030
4915 5795
7346 2582
7381 2587
7888 1466
8030 5009
2999 2313
8094 2360
4490 250
1943 6215
2214 1129
9153 2939
1946 877
2755 605
1620 4286
3249 475
8443 948
3924 3750
10 288
4663 3748
2987 5028
1788 3845
4396 2030
1497 5896
4969 1404
6179 4367
6712 671
1276 4271
2162 2749
8418 6232
7612 576
1224 5372
2602 5231
4914 514
6000 4487
2011 3401
7020 5683
4089 3340
9004 3849
75 4711
822 2640
8075 2206
3421 3759
3230 1574
2016 4557
3860 952
2536 4209
1461 1070
4384 5059
2617 3075
4887 362
3881 2256
3917 3085
2467 4808
4165 1772
8263 4749
9032 845
2020 62
1232 494
7522 4725
7227 5777
5040 4535
8859 1510
1928 2375
7578 2906
3791 1196
7552 2847
6050 1024
1329 4779
5818 5134
3852 3593
5460 2924
7588 3133
6574 2021
6551 3280
1077 5606
2274 3137
2187 5035
2164 1488
2498 2154
3243 799
6962 3032
8116 5283
1074 1433
4349 4655
8109 5568
7457 4967
3563 5296
1584 361
6367 4930
4616 6140
1119 4442
4788 4460
4468 4513
1336 3169
432 2890
9005 1473
8853 1701
305 4410
5206 3152
1602 2206
5513 4239
8325 3069
4141 6235
197 1902
1852 5296
425 2389
7482 5373
1777 2549
209 3582
2143 5724
6170 4883
7830 599
9052 2113
8525 5457
2714 2015
7477 1046
7985 4887
1259 3215
2963 5664
6832 1113
6421 5697
4324 1204
2389 942
3501 4175
2938 3287
1370 3935
2798 2048
841 5314
8359 6196
4796 32
5664 6122
3949 3503
1773 4583
8457 3034
6096 631
2956 5394
1197 428
6757 3819
4402 3686
3906 5676
2442 147
8580 4510
481 2775
5625 1301
4542 5740
6853 5739
126 4617
6145 2615
1763 3701
6402 4268
7399 3963
8022 3591
680 3728
8058 623
5144 2591
6726 2938
6891 2241
3613 5264
3003 611
7842 2497
3469 4106
4723 5898
956 724
2912 2898
1758 1053
8945 4329
5828 4226
6009 4229
7118 808
4357 1467
7654 5436
1548 3482
4594 4946
6666 1085
3200 3410
3072 424
2080 2757
1468 318
2114 2611
5009 5324
2841 2980
1985 256
3965 734
2765 1226
7882 595
4144 5278
2178 2800
469 2400
1767 1623
2545 4600
7791 3702
339 87
5135 5888
8663 6231
1894 5596
2196 1864
5492 143
27 426
2377 3865
5835 3831
288 79
3100 2073
4943 2309
6829 2061
4124 2257
1476 287
6542 837
6959 5450
247 4043
3650 240
8930 5011
5689 2418
9062 1236
6480 2595
8165 6061
1033 5504
8096 2489
4091 736
2954 2918
186 1408
2627 92
3577 4807
7026 5526
4218 1023
3787 1734
4328 3594
8978 2356
2678 872
1557 1248
8742 5234
9091 707
6848 1423
5899 2560
8271 4978
1644 3448
977 5015
3232 936
5541 4472
4501 3069
8330 2095
3083 4762
1260 181
6257 4569
6844 2854
3076 4787
6169 2279
2082 5326
5352 3511
4254 6114
7629 3591
8318 439
1885 1163
2927 5863
3814 318
3698 5490
5515 6218
3919 1724
5730 1867
921 3221
3025 1355
4293 6008
312 4386
6418 5437
4098 4304
3891 928
8484 1159
4651 4130
778 6243
3119 1718
968 3246
9116 4729
526 5281
6109 1233
1791 4512
5516 1052
2625 4831
2205 5458
7332 5810
1797 6211
2659 5205
5549 5718
2709 1431
278 1916
719 1935
1296 668
68 1416
5039 1461
7652 6236
3927 4575
8044 38
8012 5000
9139 780
4192 3284
2224 5438
673 4491
3032 4307
610 1907
3298 4846
4179 1765
7944 2014
7537 1257
1282 4526
6200 3219
8788 3536
6127 2811
8190 4729
7349 662
6778 3537
5658 2242
3876 930
360 3099
5763 2680
1535 1161
6465 3868
8774 294
7053 6087
1369 5380
5435 862
4882 2677
2281 2083
4116 2763
3587 3216
1008 5606
6980 308
2172 4017
4111 2472
4859 1159
7066 2677
4868 5038
8728 2031
7316 3731
4411 5758
7874 3641
5580 988
6472 2775
2001 4878
5174 3669
3169 3494
5537 2482
3058 483
3534 1925
7518 4666
3781 2602
485 2185
791 2662
6134 4857
1029 4741
7397 5093
8502 6082
4196 2457
7932 176
8776 2124
8616 5330
5750 806
6245 5093
4648 801
8863 2251
7278 264
6818 3503
1113 130
3094 1854
8099 5696
6692 48
3271 2329
3680 5751
8749 4354
9028 2842
6449 2891
1736 2684
2576 39
2569 1705
2807 2803
2397 3312
2216 2188
3837 139
8352 1414
2642 212
2638 518
8844 5163
620 4211
8757 684
7891 3427
5045 2406
8545 4432
6966 1668
7043 3073
6516 1531
3510 4040
2496 5210
9045 1229
6301 4128
6581 123
9097 4546
8579 78
2532 1713
6919 710
1101 2959
6738 4758
8065 5158
3799 666
9130 2055
4368 4869
4099 2910
3010 2071
3730 92
5550 4548
2702 3724
7406 5813
5929 3890
7196 6179
8401 935
1173 3747
8029 2121
5053 5789
3170 800
1452 411
5106 2393
966 6200
6613 1353
5501 5859
1493 5315
7503 5843
2989 322
4050 1387
5344 4684
2126 670
3011 1760
6790 5795
5624 3254
3347 4551
2471 5327
2324 574
6645 4035
8950 2403
2751 1983
1216 4030
4032 2853
499 5469
2303 874
6174 1484
6369 4961
3757 3859
5261 3952
1332 3123
1413 4027
1929 1739
2616 1468
7071 2517
7469 4266
7254 2039
6160 1464
6583 4311
479 2946
6640 1188
8872 4265
7287 5400
23 4969
3384 2854
3502 4759
7149 2676
5694 2035
4800 2866
3831 91
6464 757
141 1606
2296 815
6295 4623
1516 5320
5200 5894
996 3951
431 2090
1040 951
8402 3644
6644 5944
601 2358
348 5853
1604 502
262 1214
6599 3176
4322 2186
5947 4810
3378 3293
681 4981
5456 3690
1400 5330
4276 1130
4526 5159
6428 6216
1262 735
4489 2881
2497 1910
3829 3538
2435 2924
8043 5775
3675 3854
2842 121
1861 5188
418 1987
92 227
3788 4197
340 3514
1869 2303
3612 3581
7256 4905
66 862
5023 603
6217 1893
8546 1878
4255 3496
7729 3570
343 6181
8409 1227
4014 2855
5306 1889
2501 5712
6714 4514
1744 2425
4412 332
7012 3548
5777 1520
9059 5533
4731 2586
2333 752
6632 1850
5912 2894
1184 5463
7785 3774
8436 2855
3053 3447
7392 203
8360 630
4784 1530
417 992
9043 4810
4103 5460
5877 2293
6600 4148
592 5504
2218 2553
3248 5886
1799 4413
1544 1422
5923 4321
685 5489
6728 464
2671 2618
4932 1191
473 2954
7861 3359
5958 3431
357 1816
8348 1647
7991 2266
8691 2613
8687 1630
7585 3699
9146 5268
7110 2919
6815 2267
4858 4761
4074 1537
6623 5805
7253 191
6491 3078
5771 4258
6241 1368
8917 506
8463 1305
5367 3395
1004 5051
6130 5105
6300 2752
6357 607
6213 283
4855 2554
279 1716
6438 2282
823 3313
5546 2537
8056 4908
3437 4436
6140 5933
4133 2583
1365 3571
821 4278
8057 479
9075 4117
3631 2475
6263 2161
8364 565
1509 457
8047 5292
2385 5111
3647 122
6557 465
7920 5661
7923 2441
3030 4896
6696 6196
3567 4143
6333 2713
3386 2462
7975 2889
9065 119
5884 137
8419 3791
8828 2520
7912 5794
2694 4443
1319 1742
4812 5806
7691 1975
6231 510
451 1161
2096 6167
4486 1534
6311 5146
698 2644
6768 1653
1339 1211
3657 489
1747 4408
2809 3974
1364 2938
4655 4760
3484 1582
9068 3362
1089 5787
3578 1698
4628 4905
2935 49
3376 4336
6918 1949
7082 3087
5649 3148
7181 974
8933 1814
5904 2211
7023 5417
2681 1059
8705 3855
1785 2465
1817 4507
5474 2474
8897 768
1506 1010
4257 470
4513 4862
3980 4873
4517 5386
1857 505
3498 4084
6146 2992
104 652
1315 3076
4662 1243
3068 3585
7000 3435
4735 4127
2965 886
4260 6247
6076 2805
372 5901
7777 1419
7502 1097
6167 2819
4891 2374
8328 1526
6240 3875
756 3900
6477 4362
36 3949
883 3568
4721 587
3802 411
5700 5667
788 3880
4026 4031
1062 526
3553 5609
3809 5269
2055 6245
3371 2061
8117 2436
6105 3821
5642 3625
7139 5720
1953 3990
988 6133
3199 486
6769 2187
3261 5517
6252 109
5849 988
7950 4433
7079 3970
140 277
3936 4903
4469 1951
6466 779
4984 4099
1816 1409
2688 4799
4919 3481
6163 4558
321 850
8966 2291
8427 4654
3990 5039
833 880
4223 4799
4268 3291
1436 5545
1416 2263
5722 1378
6073 2819
1844 5478
3780 4531
1230 2261
2941 3635
4566 1530
2800 3565
6637 1839
8040 200
5405 189
6258 2827
4835 198
5070 4212
3768 2324
8205 1917
3444 3884
4851 5259
5057 3498
1972 2607
7126 3896
2713 1693
7899 2294
8297 1089
2071 4123
6677 4719
1095 3371
7432 2014
3315 3682
761 6008
2007 3842
5123 1841
1676 2560
7166 1887
6157 1781
2012 3254
7686 3900
3113 3035
3445 1420
4035 4216
5436 1435
6082 220
6937 5771
330 1104
4754 623
2980 1545
2865 2197
7835 5789
5532 5037
6280 5326
1642 292
5377 5662
7510 1834
2971 2829
658 5471
8807 3329
809 2746
6697 5382
1923 3956
7413 4176
4797 543
7951 1038
2307 3210
275 3561
1483 2506
4530 6092
6409 4214
3957 3151
8366 3103
2869 5121
7633 476
575 2148
5548 4224
137 5515
5810 2996
7086 3010
5265 3295
5997 3597
8505 3273
2769 2760
3152 3754
4806 3029
8307 5549
6212 5724
223 516
810 1734
3524 1425
5635 2846
912 5275
4306 1430
4744 5686
2871 931
8732 1560
5944 4442
2058 546
1169 3154
4327 155
6648 538
2802 62
4088 5452
6403 1105
1120 5304
2368 5713
4256 4770
6239 4103
8899 2268
4237 4902
8121 2226
2958 4232
7125 4350
5483 3105
5571 5537
8700 2303
2445 1367
7301 260
4120 3134
5497 2915
7409 1199
6753 4706
2542 1098
1129 3464
363 597
444 3202
5922 118
5187 5530
6439 3234
865 2707
5759 6251
3439 5921
1277 3218
490 1267
7992 543
2174 6056
42 5305
1372 3641
5224 6073
1172 4053
260 4740
1050 4187
1529 396
8886 4393
3379 1053
5996 5752
3701 5822
3546 6080
8488 2871
3295 557
4617 2411
1601 5645
1198 5384
5136 3435
4794 3687
4883 5421
7291 5128
4258 3399
1201 1755
1530 296
5246 1990
33 4480
3726 3829
862 5493
6368 4991
8452 392
5789 3330
7038 598
4009 1197
303 5323
602 3634
1537 2939
5125 1861
6151 2858
5644 4031
2465 5498
871 3993
1920 1613
5051 4777
2795 3316
3660 810
8533 2915
7808 3550
4773 3581
8179 1100
7145 5362
8869 299
1839 1427
2245 2280
1001 3916
4200 3266
4695 6154
860 3041
7954 4565
8783 1251
4446 5612
7765 12
4975 1074
5693 4030
4329 3466
2979 2901
8583 254
6328 4223
3098 3029
367 1967
3961 6008
2883 618
5762 2100
2524 18
3753 2246
7827 6152
8107 506
2974 1404
1739 5830
2746 310
6896 3800
7715 2168
5540 4470
3785 5896
3863 4479
9154 4255
7366 2130
2878 91
5288 3933
7117 5704
3503 404
5823 5987
784 3095
3702 2923
8864 947
2574 998
5078 6030
3172 53
7242 5476
3706 4114
7887 3953
9018 3408
1130 3671
3618 1452
5323 4212
1656 2817
8993 5746
3840 5863
5395 847
6977 1101
2813 990
2107 1348
7601 2495
4142 1087
5897 2703
8787 724
2061 240
5364 4856
6186 5798
1149 3945
4789 278
722 4743
77 1042
4148 1454
3729 4811
6285 4816
7019 1724
6363 555
2329 5354
3821 2984
7436 4730
588 3835
1616 5648
8904 773
7138 4944
7083 4043
1114 2427
2855 5382
1828 5031
4702 1943
4612 448
6030 2277
7353 4796
5610 446
6972 6254
5383 4752
6102 3242
5221 2364
4244 2174
8882 1749
8622 5393
83 2853
616 329
203 1299
8445 6132
7088 5447
7069 3633
1980 5262
5238 5611
6297 2874
6027 4944
7383 458
1343 4688
6112 5751
8606 411
2014 3641
2255 2150
2539 370
5163 3207
510 1709
7663 2826
5056 3511
3581 2569
1162 3096
2208 2312
5581 1915
5824 1131
4478 2754
2052 1459
1834 5106
7834 1005
2505 5947
4581 3701
654 222
739 1008
5109 6211
5791 4596
6020 2404
2791 2009
6762 5739
8245 267
7685 3202
5871 476
8375 4902
8640 958
7308 2957
7214 1883
3616 3480
7093 4208
6754 5370
6424 4252
1968 4952
2687 1234
8880 5130
1044 4416
4036 655
5270 5339
7369 2972
8672 2585
5354 3813
3475 4364
4438 4029
5215 3574
8755 6078
8607 1403
7904 911
1158 2005
2915 1819
6607 6150
8554 887
2606 701
5470 5393
3256 5392
8486 101
4933 3523
9060 2109
3178 6140
726 761
7794 718
148 2587
1056 5684
1967 4062
2070 4604
3353 143
5259 2385
8526 4406
2027 971
8575 4527
119 5820
4672 4922
2207 1319
488 1506
2485 1851
6537 5909
2562 5050
4998 5165
6248 450
8942 5326
1982 680
96 437
2457 2814
1874 2293
1186 3359
2657 4444
3176 2412
6982 3559
5387 629
967 6116
8340 3254
5256 2855
735 1535
237 3681
5749 437
6633 589
2526 3255
5114 1521
5487 12
5380 4188
7228 5988
2087 188
7621 5784
668 1736
2567 2295
4188 5290
4479 316
257 1868
1454 1025
1381 1072
6007 1774
6886 1593
3551 6088
7747 4085
4113 882
8586 2198
2484 5330
2269 4526
8600 4065
5158 5019
4575 1383
6925 5964
934 2049
380 2304
566 5548
3193 1195
9051 2216
2067 5006
8344 2258
405 1323
4578 1778
2832 1018
7357 3451
4476 2999
6345 5615
6888 6162
838 4722
4712 3320
1326 4085
6752 1114
8010 4596
4599 817
627 1892
7247 1310
1643 2664
9152 2393
3468 1694
4308 5926
5268 3738
8756 2978
9105 4950
4849 2295
8387 1193
4654 5218
5661 4773
5230 975
3126 928
6903 2072
6470 1939
1647 822
4177 374
6018 5889
5853 2735
8590 1090
6995 5006
3105 4071
1596 5664
7176 3234
1106 2732
115 5214
5510 5052
5761 4475
21 3762
2682 5848
711 549
5927 1962
179 4356
893 4516
4699 1922
6743 912
5328 1487
1210 1769
1589 4089
3630 4409
1932 1236
8105 1907
3750 2901
4585 3191
4511 5920
7106 4529
8565 984
2499 2523
4108 4698
2782 2740
7657 1448
945 5117
6946 1935
5397 3092
208 4234
3097 3782
5964 670
2701 1465
2341 1120
604 1548
2867 938
3505 541
153 1385
6761 231
175 4780
4439 5489
6269 5692
3344 3478
1504 1166
1881 5504
4424 5989
4728 5631
8956 6133
4641 2179
8209 4533
3571 2348
8902 258
4982 3590
879 447
1612 4345
1024 5353
1261 5239
5675 3383
1667 4006
6407 535
2466 6102
4149 2817
3051 1155
8729 694
1391 1657
2551 541
1974 3925
446 295
1661 4223
3896 1384
3491 5913
2235 5004
6199 1490
8214 5105
6498 842
5829 212
8493 2000
4987 4960
5629 3897
9066 1728
3977 3272
8796 1093
962 2667
4929 912
2365 4603
3971 4645
3183 3155
1751 1815
1135 2026
7926 98
4264 2479
615 155
2732 4795
2763 5530
1831 1873
4130 3918
4365 1589
102 4891
631 4623
6705 5012
3892 4227
1926 1173
213 5816
8381 5998
3185 3279
6566 3398
6326 819
904 392
3589 592
2862 2418
4795 29
3822 1023
870 2994
8657 3300
2 181
8036 1443
5980 3043
2195 2930
5586 3673
1729 652
3824 1674
7189 2330
6194 3452
6685 1691
7796 5485
8778 3456
4509 281
4343 342
8018 2717
8818 1774
1549 1539
1871 6067
7120 4773
1185 4366
4453 36
7610 3250
2895 687
3166 5888
8423 2383
7604 289
8692 4
5865 2870
6070 2481
5286 3055
4284 2866
3854 6101
2437 526
3711 5293
1233 2257
6188 5048
3550 3752
4462 4078
8826 1706
1125 3129
6414 4708
518 1234
4217 514
3590 5060
7122 2714
646 5758
1026 1482
8249 4495
721 960
1368 5715
6203 880
6945 81
8122 2168
7704 6135
3779 2599
6057 5189
7886 2986
8723 4498
612 5375
6216 4377
3045 3512
3209 3038
1856 4481
2647 5819
5500 5027
6514 4455
1475 5369
3324 3936
5034 1954
4525 1020
3434 1165
1969 6
166 3117
3082 5517
1455 2754
1678 5898
4353 183
5186 1104
7282 3585
5421 4427
7550 5530
4352 3635
5928 6156
6951 5622
3952 3635
8153 497
7293 913
12 4201
8014 266
4917 3075
1755 3618
8335 5668
7802 6191
3541 3259
2480 1718
6836 189
8654 605
4025 2084
2429 2222
1551 3557
7615 2701
202 6243
7434 2023
6323 2562
1705 1418
3279 2905
9117 1961
7703 4182
5896 5913
2595 5722
7616 346
5845 2260
5565 1128
8552 5577
196 492
2857 3675
6172 809
2790 2579
5653 2330
542 689
8870 2371
6519 1155
7700 4806
5239 3490
2398 3644
3307 1122
1575 3947
497 3585
489 1590
614 2604
5674 731
4554 243
6777 4806
1901 1564
1585 2706
8548 828
7614 5650
8963 2535
494 341
32 5246
5773 5319
2502 5752
6276 965
7345 3649
5989 4385
1935 5914
8620 5905
1143 4722
4178 3209
5301 945
1015 2163
50 891
5160 2903
5524 5284
5320 1718
8928 6231
1178 2318
9132 1274
938 1531
5953 1196
6989 534
4382 4681
7905 183
7238 1014
8496 1451
1776 3054
4580 3306
7839 262
1605 4332
8314 1998
3334 5081
7010 2532
6338 1876
1242 4081
6137 6188
3413 2852
351 5545
2257 4368
1570 1732
2086 2804
7805 2670
5467 3755
9161 2314
1084 4281
2426 5366
1449 4275
5735 4726
3566 6197
5069 6184
1697 300
1127 2814
6011 286
5906 3123
7744 4362
3393 1004
5105 3101
5963 6199
8862 3659
4957 6238
7246 2213
8965 3599
4550 4048
2928 2570
2654 2919
1017 1890
1655 5596
713 2226
8114 5566
1769 4794
529 2776
1424 559
3692 398
3063 2640
709 3264
2081 1679
6629 1988
5462 6233
6985 2329
4710 3429
8212 3377
6735 2476
682 1122
1406 2187
3656 89
157 3944
3084 5479
6159 5999
7980 4475
3326 5088
2358 5530
1457 5271
4813 4224
6873 998
1925 1480
4625 3703
3533 4059
4315 2513
1105 4479
5327 2164
4043 6160
5164 454
5002 1065
8244 3905
149 794
4922 6012
4931 4592
2897 6003
471 2269
8639 5236
6287 1544
2612 672
359 3494
7829 5320
8592 226
1020 1649
2757 3969
7961 1486
1107 838
7672 5765
4004 2891
6661 4813
5204 2049
1860 6000
5074 1780
8932 6229
3638 3972
8308 6203
2953 5716
70 3449
1244 2951
4076 3533
6226 3388
7177 6085
9014 664
2444 3526
6785 2230
3889 3883
3968 3758
3366 692
5940 5949
8041 4521
3165 1902
8935 2889
9128 3413
4724 5737
5542 4967
2628 3832
170 5564
285 1009
3467 3016
6720 6091
5082 1124
5634 3933
1896 1834
6529 3365
5025 4774
8231 4853
8082 4606
3322 5295
6634 2210
8811 3389
4008 2847
1387 2976
7281 2653
7673 4528
4340 169
8588 2949
7049 1023
1846 1366
740 3295
183 5997
3669 1926
924 303
6092 2532
1034 1946
4215 6101
5465 3407
622 4422
7299 3009
8048 4777
3547 3635
8551 5509
2961 1212
4777 884
6721 4550
3419 1233
3147 4499
4201 4381
7764 830
6879 4097
3674 915
4484 5225
2997 4599
440 418
8926 3035
4117 3672
7740 552
858 4893
1956 3077
1030 1796
5324 5134
5027 2647
9073 593
5628 4103
5917 1420
524 2393
1164 4997
6063 2801
5399 551
5400 360
679 241
4342 836
1638 1770
7101 1854
6732 5578
6742 454
776 5657
3601 4489
5176 317
2810 2927
2141 1691
8593 2826
6575 1019
1442 6020
8376 270
5523 6171
7092 3624
4719 6025
4294 2394
4926 5394
6884 310
6023 2258
4430 5971
84 5860
2726 1537
7095 2501
5770 1089
187 1018
3250 4479
1366 5966
2500 604
4555 4665
8860 1097
404 4611
3108 5296
8660 4563
3270 2419
6310 3807
2417 1603
2854 343
6611 6197
9138 692
1066 3703
2343 5896
3239 1001
1237 78
5277 3395
7541 1062
4060 5091
857 469
5937 219
4551 1578
1398 2031
751 4561
4888 4100
8852 3956
282 2689
6406 5887
4390 2520
5916 1389
8943 4395
3041 2352
8238 4388
7307 5303
5974 4960
795 430
8877 5006
1384 3805
1842 5458
222 3282
1341 4766
5855 4510
7576 4547
409 2594
6915 6002
9070 6155
5232 1238
3427 2223
3939 676
5113 900
4718 5934
8665 502
508 1915
1560 3626
3162 3399
4810 4233
671 3223
4579 4919
5217 503
1660 4612
4834 1447
3911 5682
6315 2062
969 2742
3231 443
1587 3226
3592 801
7678 740
4967 1337
4078 2229
8556 4847
504 1203
1351 6188
6876 5074
9044 5892
2160 6144
901 5364
6521 2526
7310 2449
2403 4309
8887 2716
6635 1739
2597 5769
2700 3443
1704 1458
3430 5525
4369 3454
7198 5341
6572 5881
6282 1126
885 94
2906 3360
7690 1306
3338 6157
3216 4993
1159 442
7484 1705
964 1172
2948 2455
848 3207
4024 4260
7133 2770
4603 4308
2043 41
4865 2428
4341 3184
2724 4625
7212 3371
4431 3494
8767 5790
8884 2133
1787 1137
4598 3419
4083 3518
4213 2739
8180 2620
2038 4491
6675 423
3640 4673
8800 4913
4591 4048
9010 664
3723 4449
500 2179
4693 4035
2166 1114
702 2295
4583 269
2100 657
38 5403
814 2563
2806 2361
5673 3083
7694 4354
790 2150
4645 880
8450 1570
2794 3294
581 5037
2234 5705
5622 4846
5573 6221
158 4614
4235 2422
6232 3994
4247 4044
4799 1281
7907 4714
7722 5574
738 3450
3160 5250
4722 6103
1157 650
2669 3621
2624 4356
6260 6132
6473 1299
7649 3425
2456 6114
8226 5363
3269 4403
7450 3124
4017 4457
3389 4255
2825 5709
6061 1412
6138 2736
1858 6002
4962 5983
1609 63
5247 3934
4105 5779
3383 5927
6483 801
129 4603
1567 489
8435 4940
6275 3533
3771 5651
7525 2458
1433 5390
5029 3987
6776 1673
7867 4803
7733 2689
5699 1878
4873 166
103 5539
6845 5144
8126 3833
3953 1906
5669 2322
5388 4101
252 6022
2386 2690
5873 5150
7231 5940
7935 4799
2064 1166
4012 4768
8512 3148
2827 3396
7811 4638
2913 1510
8216 700
5477 2337
7123 3270
7235 5568
7963 1522
4275 2253
1753 5440
8968 2582
87 5354
486 5888
112 4416
6488 2880
2968 4087
7520 5132
284 3019
3559 738
8003 4945
2423 3071
306 183
7387 3502
7782 125
5336 3852
354 1766
2779 2219
3253 5023
9131 5473
1310 5866
3759 4139
5190 3732
7124 697
3869 2298
8144 3782
2785 2930
214 2789
8447 3151
3907 5946
8523 3507
6383 5515
4830 2559
7521 5588
1353 240
2387 394
5736 4270
7112 313
6555 924
4635 4132
5248 2236
3474 1154
1665 1634
7416 2382
7644 5194
7828 3496
2277 5965
3471 2518
4502 5598
3997 3899
7591 1859
7147 4698
3966 5035
5860 2232
3879 5944
1269 1261
94 3560
5042 4346
925 3230
3645 6071
3026 3768
1188 1114
4092 2891
6964 689
6540 5735
3127 2717
8159 1937
5251 5135
455 1691
8347 4749
9086 1235
4772 833
2490 4121
3716 5117
9150 5437
4252 1232
1708 5151
4317 5001
6592 3001
8393 3908
3767 1508
8454 1108
3254 5835
8970 5156
7226 4771
7213 915
8280 2754
2847 2293
7160 2180
8429 4083
653 1779
2030 2915
8741 3220
194 5136
8396 265
4241 461
5325 3219
6568 490
7277 3896
7340 1436
7713 2164
4261 1599
5475 4593
8913 1901
574 6127
4262 1629
5196 1459
1063 585
7640 1056
6171 1121
7779 4741
7743 2498
2264 3627
847 5037
2237 3121
1318 5767
7948 2413
7272 5687
3947 4974
435 5500
9107 4685
5096 2617
8734 589
210 1651
2656 1615
8832 2048
289 396
7028 1120
5870 739
7942 4812
4203 1210
3181 5192
6224 1006
4282 1685
4058 5868
2711 2054
3918 4975
6610 792
7968 4007
9001 4791
1870 6157
7647 1729
8574 3115
7639 480
4656 814
6435 2023
2680 4949
7506 5417
4999 4775
2593 3922
3887 3942
5907 2044
2640 1125
9009 5962
1867 2913
1187 1983
7730 5696
1132 3622
9012 2104
5725 3292
1774 1714
1360 117
6463 1919
1145 1525
2570 1976
4808 4073
4814 2303
3070 577
5538 3792
4958 5637
5481 4378
6191 5988
8333 5309
3679 801
6765 1892
1664 5757
4854 5839
3167 6086
3486 5426
523 4189
5408 5538
3931 40
6595 2825
5531 141
2453 3898
4216 5092
4507 3594
3375 5246
7427 3440
8806 1499
3774 3320
1873 2102
6792 843
7499 4385
5959 3223
4163 1960
7642 4045
7042 2663
5619 3749
802 1776
7718 4131
5514 570
1723 2239
1177 160
8374 4614
9055 2148
2454 4318
3862 2743
8817 916
8795 2005
7074 5352
6837 1343
7852 1727
80 5070
3047 5427
1303 4937
8115 5681
7030 2285
58 4874
4297 2064
3264 4223
894 1475
5396 5974
7403 4495
7268 5790
7306 4684
7258 6044
7611 6021
3554 1867
6771 1551
7762 2125
8015 4963
7284 5940
6707 3053
8323 5564
3493 5963
7631 3874
1403 974
7940 3903
4778 2611
5235 4191
3902 2034
5422 2714
2833 808
2890 2068
3904 3684
7218 4245
5392 3976
5241 6033
4180 2558
8258 2983
8408 4256
1674 4385
7763 3963
2123 2713
8994 3427
1853 3792
4300 2902
198 5217
3985 3764
5938 2440
3751 892
8655 1787
3905 2711
2626 2576
3722 82
7057 5356
335 4447
4605 5201
4318 808
5915 1230
4042 3356
5150 5947
2337 5472
5267 2691
8031 70
8611 1777
8050 5867
7994 3388
5536 925
3187 4181
7734 679
2093 6178
7252 4245
1886 5244
2553 1587
3495 5924
6059 4572
7367 5041
1719 2069
8064 4921
3813 3881
7309 3203
3921 4840
7727 262
4380 3187
3895 1575
5447 1277
3214 1123
7717 301
2514 4922
4291 4087
5820 2312
1768 2474
6827 996
6094 2131
3507 1906
8411 2466
3519 1910
5468 5898
5485 6002
3260 90
5577 1195
2675 2592
1855 295
1686 4792
1902 563
5326 2767
9016 309
2482 5051
8217 1313
1801 5526
8532 4765
5424 1857
7460 3925
6460 4965
5369 6118
1882 1544
4226 6089
4155 4747
1600 1562
7464 3432
3345 4577
7529 1849
1843 4617
7022 2830
5412 5576
8888 5731
6053 686
5797 4613
598 2113
1715 5603
447 4927
7359 4992
7947 2454
6992 1479
8132 1048
6621 3214
2150 5440
8610 1815
6455 2344
3414 1619
4314 4998
2565 6076
8598 713
7551 3674
984 3204
7109 644
8743 1419
3112 4988
4556 5997
5178 5088
4280 4106
8278 2660
2950 2486
3754 830
3001 4812
3620 3651
5553 3959
5413 5188
6874 732
4825 5433
7288 5997
6019 4610
2697 3996
4757 1754
7024 5122
4251 2799
5740 1051
1194 4066
3477 4433
5769 2617
4889 835
2816 135
397 4778
6545 2870
9164 724
2649 2067
1997 422
1907 3447
6365 3453
7696 587
3077 430
7903 1186
2766 5635
3798 4388
3866 4109
1112 3890
8002 2229
6897 5269
1093 6127
8842 596
2589 6078
5626 24
2138 3065
6912 2790
1641 600
4657 4872
4701 3790
2069 2088
1438 2282
618 3953
227 3720
2388 4127
8737 1922
5798 5670
4991 2587
8197 2237
6390 4767
7144 1956
2469 1945
1539 3312
7320 6184
4221 6190
7449 681
915 2652
4631 390
4075 3526
3217 2488
8762 3018
2721 5193
5305 1912
1122 4930
2630 62
109 6021
3700 5575
4733 3886
3795 3213
428 3169
1440 5409
5390 2886
1671 5731
8391 1598
4817 2054
2750 6181
8814 5872
9093 1330
4355 602
2959 233
4467 1737
4272 3714
2005 4704
7379 2757
4212 4278
3402 1992
5882 626
6654 3020
2441 1050
5854 4222
8537 5903
5149 1156
3416 266
3955 607
3395 5296
4287 3802
2311 3828
1491 519
3002 1528
5181 4509
1444 4814
2326 4013
8739 2481
2461 674
8453 3491
5903 2607
2225 129
6388 903
7844 390
9135 5593
7688 670
2780 4916
6631 3405
8433 5598
8093 5381
4857 220
3142 6040
1170 3191
5296 3417
7523 3076
2998 2432
1402 2501
1680 3617
650 5247
840 1550
6125 5829
5753 2983
8648 4391
5911 4809
6065 1261
2529 5981
3991 1549
3749 3633
6372 1259
2450 3539
427 2294
3191 2729
6148 5122
5110 5843
5131 2072
1376 5374
4768 6156
18 5533
1174 6026
375 1226
2708 4274
6149 5569
1712 2893
2203 4535
8715 2086
6100 910
2889 1829
5760 271
4537 4912
3091 4087
456 3304
1349 466
8871 4951
3390 4305
3565 5592
8573 888
6001 406
746 797
5969 2587
5252 6161
5621 2542
537 535
6381 4395
7059 5508
7382 255
8033 1619
7721 5721
8233 3156
4464 454
2348 3753
750 4281
8379 6043
8204 170
364 3427
2978 4730
6626 4306
3288 6131
7553 762
3823 6196
6233 6246
1306 5283
7643 2114
6835 4543
8061 5817
3689 2913
959 4180
2320 5249
1837 2855
3775 1952
1696 4960
9122 2180
7044 5978
7670 4998
1022 2094
8275 4664
2103 793
6010 3846
6711 1435
7314 6089
450 1837
957 1969
8730 5030
1666 534
4084 700
2036 5447
1010 5103
4386 3300
2116 2414
7495 1250
2251 4743
1312 2518
8268 4319
3079 895
1818 3631
5088 6050
3688 212
5278 2646
7494 4827
7943 2243
6091 4051
4286 3366
3614 1471
420 6176
2969 3283
287 4494
6729 1519
1385 3790
3198 2890
6461 2666
4524 2397
6370 5889
976 4960
1253 1
4910 3889
825 617
5115 5219
6444 2501
4414 4070
800 4564
5680 1069
4156 4444
947 2401
5406 1769
7303 418
8920 5105
3595 4487
8422 1589
4937 3826
5355 3550
3818 5777
4671 1901
3016 4977
3855 150
564 1531
571 6056
4332 3664
700 4320
1428 3981
1321 4326
5258 5573
7797 4699
2863 4536
2864 558
4335 2540
2098 6088
8365 4626
4409 5355
1297 2815
5633 5954
6028 1670
7243 4694
8169 6178
2246 4111
2856 2809
52 5639
6054 2653
8594 1385
8461 5438
1741 4982
5347 4761
2518 2317
4708 3826
1580 4857
5889 598
2546 5443
5863 5974
3710 1260
7152 4774
6806 3858
5667 2692
1563 5135
1795 570
2148 13
7374 1026
5429 3537
3284 5292
3847 2517
6358 4271
4570 2780
1979 4401
6646 3930
4673 4666
8135 3001
8309 3256
8931 2125
5006 3692
127 3795
1205 329
6869 3851
1988 2995
8673 4260
515 255
6796 877
7679 4637
8798 3996
180 4623
7890 1732
7203 5051
8980 1091
8256 4665
638 485
3452 1997
7408 901
4512 2942
5592 95
8982 4134
6064 2501
3737 3443
5812 5578
4936 1277
826 6187
6006 4627
6002 2890
6380 5074
1072 5647
9071 4220
5931 5569
2458 5967
4660 4831
8962 235
3297 5535
3054 4247
5155 1601
9125 3384
8300 552
7257 1812
9027 2496
1629 1448
271 3076
4316 4111
7641 3790
2310 667
3340 1011
6177 5393
7512 4359
7376 4294
4558 2109
6496 5520
8838 5404
1301 2903
2510 3834
5815 1431
7628 2021
7818 759
8083 3867
1764 131
3784 3894
7084 257
4432 1724
1812 4918
8196 1638
6570 3353
8861 5575
1724 2828
6506 1378
2608 5211
6107 3993
2573 2725
2275 1164
4488 838
6967 558
4474 3565
8951 5783
1854 5462
7804 3475
4739 1666
2560 5570
2531 736
6173 1792
3481 186
7784 6246
6823 1152
4437 6163
6531 5062
4001 1249
6573 3880
819 4047
4528 2161
437 6054
1414 2880
7739 5673
3280 5491
8618 3505
8098 2622
4225 1186
876 2555
5343 421
3508 3590
307 5020
3972 5179
6272 951
1300 1973
8232 484
2346 1215
4568 246
1866 2776
6320 525
9079 6043
8451 869
5167 4726
7027 4027
387 524
6265 2477
6755 4536
3422 2311
5652 2533
6440 2140
8303 1561
1734 896
1085 796
416 5023
5451 5423
3056 4322
3859 2277
5124 2827
2591 6117
693 296
1809 4672
6515 3866
7015 3363
2586 2645
5868 4771
2119 1360
1453 4339
8218 1128
2513 76
1345 2565
2777 338
4552 5545
5512 2191
1221 1256
4311 2804
1047 4763
5264 3190
8568 3583
8199 5066
5502 5872
419 1892
3579 3341
1554 3849
639 1803
3914 3686
5083 3903
2155 5427
1099 4124
7279 221
3339 4677
7776 4306
8368 4408
3071 1783
3221 4609
4444 1942
5805 3070
2285 2009
5552 5457
1451 339
8494 153
2983 4875
3539 150
1754 1168
1392 2252
8609 1322
4398 3922
3744 1181
2072 5758
530 561
1998 2366
5920 2483
410 3801
2660 4108
832 620
7329 6247
8291 3876
1832 3510
1933 2333
8786 6193
6500 2470
1532 5452
4979 2152
4534 4032
460 5286
5627 4574
8186 4539
1346 102
1432 4215
3843 1093
2049 4236
434 4365
5398 989
2555 321
1500 805
5655 1235
5179 4351
8803 947
3458 2545
8848 5180
2845 2890
7619 3558
8070 5323
3106 1400
2917 4165
4031 483
6857 3655
7446 5648
6330 4109
2158 778
2335 836
3189 4371
7879 1260
2744 1529
2242 4438
332 5885
1019 1234
3871 3372
765 853
9120 2945
8272 5303
4397 2920
550 905
4109 743
605 817
4345 5133
6618 1151
1780 252
5249 4527
4493 3958
1265 734
7162 5641
3478 1831
1662 2937
7705 3983
2438 2232
8385 5391
6744 2214
3532 2527
5491 4228
2161 2683
6114 5207
174 717
1361 924
5558 4403
2805 6139
6085 1170
1994 4438
8354 1509
4134 829
6078 3932
5151 4933
3610 3267
4413 3285
6291 1653
3623 4957
5348 5180
7174 4794
4269 4034
8416 4960
1950 5831
2644 585
2716 2999
5391 4554
878 5274
9057 2694
8284 2865
9050 445
1035 1697
5208 3592
8659 1995
264 5047
7618 656
1921 3295
5834 1256
5804 1084
2395 1753
7632 724
316 5072
9046 3485
6986 3391
849 6094
5338 1338
667 2795
8641 1103
1709 841
3878 852
2737 2358
6202 5118
4667 1103
9142 2757
5112 6177
2446 6225
5459 5969
310 126
953 1324
2949 4682
1862 212
2121 4372
6289 4464
2128 725
3993 5131
5119 4632
1469 1434
5913 1106
3066 1870
4405 4360
2879 5932
4540 2556
5726 292
8503 4001
4337 3187
6828 6011
6690 4840
3448 1836
8311 6059
6548 3248
8685 3217
4434 1961
5705 1902
7322 4376
2902 170
1878 4555
7431 3115
1553 146
4752 2395
5686 206
31 5811
2202 4850
7417 4866
25 3617
539 1319
2478 5432
2192 1584
6103 6163
8060 2273
4798 2213
7056 3823
5180 2520
7995 859
5583 4860
7915 5156
6601 4275
2571 4421
5287 1260
6029 2054
1155 6035
6035 459
3124 884
824 2901
1996 4614
3585 6125
8413 6111
3020 4820
1240 5316
5340 4124
5389 1224
1142 4228
1981 2268
2115 3737
931 2406
5990 1822
323 4412
101 3114
3636 2221
6867 3659
6346 6008
7169 2518
6780 5192
3174 4042
5035 4689
3050 1864
4503 5402
4586 4884
3362 226
6638 2828
130 834
5272 4924
7229 834
549 5836
4295 3190
7959 958
5152 1
5438 256
8362 5895
7710 5106
3429 3183
2787 2253
2563 1988
4299 626
7233 4866
8971 1034
8306 248
6040 2883
5193 1236
1651 1915
4211 852
8286 5698
902 5530
5768 2574
8246 5385
5346 4645
3263 5383
2028 4274
9151 240
3903 3779
8549 4180
6262 443
2952 5024
8350 745
6034 4366
2408 4724
4965 360
4150 3832
4661 5789
6969 1662
1887 4562
8476 4278
7248 1848
8591 2711
8638 2279
2353 193
918 3
6727 2483
5977 600
7983 6056
3796 1052
17 3431
9003 1010
6669 3498
7908 5141
