1000 411
348 349
19 203
4 11
929 324
255 344
916 254
893 366
55 164
278 344
148 255
328 8
710 395
96 300
519 166
919 356
527 348
261 324
292 95
857 216
173 292
913 188
14 253
156 48
23 290
449 79
481 320
38 32
849 70
516 137
48 395
494 116
996 220
818 99
353 68
339 21
304 91
607 289
374 74
698 364
754 318
480 81
714 79
898 374
11 48
846 361
458 305
563 378
259 89
946 270
13 19
277 209
552 344
679 290
219 257
97 340
285 155
138 42
81 229
837 100
61 306
529 145
108 230
171 288
70 119
536 42
824 50
838 97
557 378
766 125
545 288
390 182
797 89
195 344
356 76
400 250
122 396
709 142
972 92
370 244
711 242
180 341
971 272
473 111
499 124
666 104
977 371
496 278
528 373
21 376
705 179
899 388
923 350
497 247
377 172
12 374
798 242
805 108
402 316
358 373
975 10
960 178
570 360
663 72
911 248
673 376
985 158
533 253
460 144
446 112
604 266
876 371
492 118
724 411
922 211
162 146
523 294
201 240
381 335
885 77
978 286
352 5
506 315
841 382
395 346
676 273
130 205
187 367
636 297
128 68
121 231
438 357
599 169
166 331
859 364
776 133
192 277
433 18
307 391
521 258
992 279
888 98
534 84
760 245
306 42
257 251
844 151
936 135
160 403
386 318
780 234
98 221
653 340
809 288
145 257
788 402
781 221
142 1
404 51
6 343
28 253
526 342
403 273
943 167
840 357
644 353
834 94
77 326
231 386
384 58
321 29
133 153
779 128
319 263
934 362
362 97
823 289
758 332
455 350
333 226
426 406
623 103
440 308
864 75
136 313
904 66
583 21
750 162
253 110
601 84
535 343
396 214
265 66
648 38
305 401
415 293
488 46
804 319
218 5
759 314
161 134
896 312
365 214
658 268
730 46
819 406
637 191
428 192
945 262
901 316
659 18
140 142
938 290
882 258
434 87
441 341
146 21
839 305
821 259
778 326
289 400
873 150
507 410
349 92
392 69
835 389
110 34
151 264
753 338
785 129
569 204
794 135
367 293
897 117
308 73
909 333
836 58
260 245
359 161
115 323
63 330
52 297
688 142
303 24
851 186
84 403
85 258
99 22
783 96
475 118
178 201
149 81
969 89
984 60
582 307
858 340
324 181
123 183
409 63
208 404
696 130
103 256
326 174
430 96
998 326
20 108
814 143
80 13
513 175
3 186
116 95
731 247
647 310
461 246
388 216
399 326
795 91
749 345
670 39
958 192
695 200
118 189
868 243
276 230
484 152
574 387
745 268
132 250
66 135
322 252
965 375
512 113
699 260
364 371
556 370
860 315
197 229
941 197
200 274
685 208
59 312
93 386
748 319
94 243
914 194
318 393
951 338
190 196
40 54
691 121
153 23
331 335
300 288
249 381
293 401
856 349
489 329
865 222
775 390
703 117
50 326
769 397
270 166
168 175
560 213
633 107
186 271
2 125
771 137
445 360
700 23
220 388
46 409
573 369
803 56
191 66
371 172
564 244
137 280
907 59
952 180
789 252
18 166
549 14
874 5
962 171
205 134
286 362
437 80
553 59
452 199
73 85
806 277
196 226
56 191
682 394
69 387
544 8
405 49
290 360
435 191
579 228
879 319
554 133
643 320
443 265
102 164
828 95
674 59
413 195
692 31
357 209
24 125
877 353
547 187
17 320
957 355
510 341
694 186
378 8
338 245
117 48
5 275
918 363
590 71
385 231
297 75
389 241
631 138
391 317
855 46
624 60
988 59
640 135
924 103
747 395
505 276
584 298
921 260
950 368
274 242
792 177
997 255
268 383
212 403
491 114
51 349
634 235
895 332
974 330
609 353
246 89
612 211
134 290
32 203
930 119
418 153
193 350
704 17
565 104
501 370
380 263
429 102
53 353
511 132
568 108
872 196
862 345
697 231
654 281
360 369
652 361
467 344
827 45
228 124
316 183
288 6
722 94
999 168
925 386
294 35
736 243
414 234
852 145
525 87
954 365
935 76
733 82
25 353
801 132
273 178
537 320
843 68
755 12
735 285
524 15
716 188
462 20
555 197
825 60
854 364
796 82
407 378
620 258
420 3
60 317
578 119
566 198
172 409
91 152
683 379
517 314
850 34
764 148
991 205
281 159
869 383
111 121
717 57
541 369
617 10
493 164
603 264
15 78
477 287
176 176
124 357
325 198
621 148
756 318
442 314
7 122
264 293
258 30
238 365
334 86
931 306
83 325
113 36
101 218
267 256
269 120
662 162
655 23
296 157
690 79
340 97
531 216
202 154
787 127
350 319
853 255
615 26
298 140
595 84
686 395
487 202
543 222
210 339
619 194
878 222
551 374
587 124
768 349
368 262
842 178
906 4
550 347
397 364
213 405
645 155
432 124
589 204
299 41
955 168
10 330
209 313
184 199
394 196
366 174
708 313
742 59
790 28
628 188
514 341
933 324
772 66
479 275
363 404
593 291
902 197
263 246
422 343
881 239
847 348
464 305
693 220
986 356
211 283
95 245
665 386
675 352
961 125
649 128
126 226
188 111
54 266
234 177
31 248
503 40
58 231
939 345
831 19
980 262
78 211
45 353
27 252
538 138
651 87
983 117
515 293
312 131
207 210
474 326
629 15
227 35
576 175
401 249
135 167
214 178
596 353
908 324
866 254
571 154
889 285
680 208
580 398
329 108
597 172
79 366
671 121
30 379
72 281
905 200
86 332
883 392
871 54
109 131
159 284
942 260
230 149
447 396
973 68
953 218
241 377
729 390
280 261
802 228
129 167
968 79
664 259
870 235
928 73
948 254
198 185
410 260
373 300
256 366
157 89
275 176
622 222
235 408
875 364
740 129
164 92
667 284
777 338
598 153
221 365
605 170
471 363
712 391
577 76
29 356
762 83
932 137
774 103
900 29
815 391
243 328
1 184
947 237
684 198
36 367
800 144
845 346
245 367
741 106
100 240
262 162
327 177
310 45
448 50
482 355
114 373
369 117
646 22
887 167
530 262
182 174
68 94
689 126
74 202
706 309
910 348
411 127
309 138
715 11
522 34
964 395
594 306
203 219
421 136
727 389
179 39
71 311
150 26
967 26
272 229
26 5
949 271
743 21
181 331
423 237
242 401
158 306
848 132
639 277
518 76
237 228
470 68
520 349
155 235
926 87
585 243
572 27
886 172
282 230
283 324
313 328
668 261
656 373
35 147
92 286
217 150
302 121
728 262
606 177
408 391
468 336
660 30
406 268
970 317
127 193
829 158
912 338
509 397
341 290
641 16
721 330
147 13
498 74
561 198
89 134
657 408
65 31
890 315
813 168
720 51
508 176
314 348
757 136
247 193
250 259
830 361
456 72
271 282
252 232
963 297
454 292
495 117
459 19
478 319
993 103
784 292
47 310
723 21
131 344
351 210
661 341
808 121
614 294
144 182
483 66
701 206
990 28
163 312
291 206
361 380
225 265
642 63
424 200
763 152
940 383
463 305
33 170
719 181
239 75
546 103
611 289
562 180
713 295
244 68
734 136
315 319
807 98
120 272
833 25
558 359
976 400
233 300
532 38
167 378
937 338
345 193
379 51
204 336
37 266
266 115
229 32
141 119
436 178
174 177
453 72
770 43
591 210
412 154
88 368
539 64
87 387
880 120
287 278
542 292
812 198
502 22
346 54
251 256
8 3
444 240
707 221
632 131
981 285
610 379
451 239
248 217
635 53
744 199
240 255
295 305
112 24
332 60
376 124
222 390
165 315
765 158
183 96
398 117
199 170
687 180
630 60
342 33
600 284
82 101
626 273
223 151
469 67
863 172
466 208
608 193
383 244
739 111
177 380
206 81
387 23
425 313
64 137
317 7
959 47
732 63
884 57
344 208
232 343
548 65
618 277
832 89
751 295
169 148
892 2
678 47
485 403
465 350
627 313
284 106
419 4
279 110
586 145
335 265
956 178
761 395
216 407
347 176
323 335
810 141
581 131
75 214
669 135
427 293
979 264
782 1
500 115
737 26
738 180
987 333
472 132
861 38
170 190
105 71
638 326
799 410
540 293
34 203
816 346
67 173
567 261
254 405
139 130
372 356
1000 15
726 73
773 35
76 110
337 15
718 301
822 345
343 216
944 107
613 366
375 132
215 258
154 321
41 23
416 26
354 411
9 132
650 354
602 409
417 359
989 260
995 111
16 27
811 118
125 90
439 64
746 166
393 193
826 312
476 235
49 98
355 315
152 320
44 3
143 9
920 82
915 11
224 209
236 24
490 388
382 359
891 95
625 273
106 260
982 199
39 68
57 16
185 265
994 59
22 60
330 317
867 353
681 222
119 155
336 210
725 253
702 354
504 43
486 377
966 324
672 331
194 93
894 59
820 409
592 310
62 304
793 41
903 379
175 282
107 406
104 64
42 151
301 149
616 310
588 94
226 387
817 133
320 320
189 325
450 257
677 43
917 347
559 119
431 158
43 327
927 188
311 314
90 384
457 12
791 348
786 153
752 272
575 93
767 374
